28 79 304
5 1 8 1 9 1 13 1 15 1 19 1 21 1 23 2 25 1 28 1 29 1 32 3 33 1 38 1 42 1 46 2 48 2 50 1 51 1 53 1 56 2 59 1 61 2 62 1 64 2 66 2 67 2 68 1 70 2 71 1 74 2 76 1 77 1 78 2 79 2
1 1 4 1 6 1 7 1 10 2 11 1 13 1 20 1 21 1 23 1 24 2 30 5 32 3 33 1 34 1 35 1 40 1 43 1 71 1 73 1 75 1 79 2
6 1 7 1 10 1 18 1 23 1 33 1 34 1 40 1 60 1
1 1 2 1 3 1 4 1 5 1 6 2 8 1 9 1 12 1 14 1 15 1 16 1 17 1 18 1 19 1 20 1 21 1 22 1 25 1 26 1 27 1 28 1 29 1 31 1 36 1 37 1 38 1 39 1 41 1 42 1 44 1 45 1 46 2 47 2 48 2 49 2 50 1 51 1 52 1 53 1 54 1 55 1 56 2 57 1 58 1 59 1 60 1 61 2 62 1 63 1 64 2 65 1 66 2 67 2 68 1 69 1 70 2 72 1 74 1 76 1 77 1 78 1 79 1
20 1 27 1 45 1 58 2 60 1 72 1
6 1 7 1 33 1 34 1 40 1
9 1 28 1 38 1 76 1 77 1
4 2 13 1 20 1 22 1 27 1 30 1 32 1 60 1 72 2 79 1
4 4 5 3 6 2 10 1 31 1 32 1 37 1 60 1 71 1 79 3
2 1 3 1 4 2 5 1 6 1 7 1 8 1 9 1 10 1 11 1 12 1 13 1 14 1 15 1 16 1 17 1 18 1 19 1 20 1 21 1 23 1 25 2 26 1 28 1 29 1 31 1 32 1 33 1 34 1 36 1 37 1 38 1 39 1 40 1 41 1 42 1 43 1 44 1 45 1 46 2 48 2 49 1 50 1 51 1 52 1 53 1 54 1 55 1 56 2 57 1 58 1 60 1 61 2 62 2 63 1 64 2 66 2 67 2 68 1 69 1 70 2 71 1 72 1 73 1 74 1 75 1 76 1 77 1 78 1 79 1
11 1 12 1 14 1 16 1 17 1 36 1 39 1 59 1
1 1 28 1 65 1 71 1
4 1 5 1 52 1 55 1
12 1 14 1 16 1 17 1 36 1 39 1
12 1 14 1 16 1 17 1 36 1 39 1
12 1 14 1 16 1 17 1 36 1 39 1
12 1 14 1 16 1 17 1 36 1 39 1
5 1 6 1 32 1 79 1
1 1 23 1 25 1
24 1 30 2
62 1 78 1
4 3 6 1 37 2 43 1 60 1 79 1
62 1 71 1
11 1 59 1
10 1 25 1
24 1 30 1
25 1 58 1
14 1 16 1
