5961232883
5937822983
5257354500
5997107212
6060356590
6046687750
3969591868
5883069334
6040832416
3973354169
5966735130
6023552806
6014737778
6023289997
5926318649
5913679441
6028872742
5701774150
3306574791
2257378703
6024089631
5931746589
5883971038
5971662521
5797837112
5960928610
6011104787
5759875774
6051479179
5790627908
6045003177
6030154214
3973362626
5937822982
3972969627
6011103980
5886129709
5968412700
5923780861
5886137404
5940888575
5936814594
2175542172
5048894152
5462497154
6051542420
5968989074
6023357140
3627647952
6043373856
6051785910
6023704352
6012567875
5869353876
6023459308
6024042422
6021664775
6004496186
6023429729
5992397879
5604263670
5539160053
6004521719
6023481320
6020829004
6019887709
6037194607
6012537486
6024089803
3972978138
6037195982
6024088683
5897692458
2893356163
6019662248
5240164232
5955753253
6047360619
5921156835
6013292915
6044579317
6023455117
5342011249
5058358898
6023690556
6023862781
6023860268
5779268621
3205992413
5937987222
5373281483
5046117476
5946249149
5888444953
6020764128
5960928658
5982556383
6024008115
6023814781
6045860582
