24 79 334
9 1 18 1 20 1 21 1 23 1 27 1 29 1 31 1 33 1 34 2 36 1 37 1 42 1 43 1 44 1 47 1 48 1 52 1 61 1
9 1 11 1 12 1 13 1 14 1 15 1 16 1 17 1 18 1 19 1 20 2 21 1 22 1 23 1 24 1 25 1 27 1 28 1 29 1 30 1 31 1 32 1 33 1 34 2 35 1 36 1 37 1 38 1 39 1 40 1 41 1 42 2 43 2 44 1 46 1 47 1 48 1 49 2 50 2 52 1 53 2 55 1 56 1 58 1 61 1 76 1 78 1
1 1 2 1 3 1 5 1 6 1 8 1 12 1 30 1 51 1 55 1 60 1 62 1 64 1 65 1 66 1 67 1 68 1 69 1 70 1 71 1 72 1 74 1
1 1 2 1 3 1 5 1 6 1 8 1 12 1 30 1 51 1 55 1 60 1 62 1 64 1 65 1 66 1 67 1 68 1 69 1 70 1 71 1 72 1 74 1
1 1 2 1 3 1 5 1 6 1 8 1 12 1 30 1 51 1 62 1 64 1 65 1 66 1 67 1 68 1 70 1 71 1 72 1 74 1
17 2 22 2 32 2 39 1 56 2 58 2 75 1
9 1 11 1 12 1 13 1 14 1 15 1 17 1 18 1 19 1 20 1 21 1 22 1 23 1 24 1 25 1 27 1 28 1 29 1 30 1 31 1 32 1 33 1 34 2 35 1 36 1 37 1 38 1 39 1 40 1 41 2 42 2 43 2 44 1 45 1 47 1 48 1 49 1 50 1 52 1 55 1 56 1 58 1 60 1 61 1 76 1 79 1
9 1 10 2 33 1 59 1 75 1
4 1 7 1 12 1 26 1 30 1 46 1 47 1 55 1 57 1 77 1 79 1
12 1 26 2 30 1 47 1 49 1 50 1 55 2
10 1 12 1 15 2 26 1 30 1 35 1 47 1 55 1 79 1
1 1 2 1 3 1 4 1 5 1 6 1 8 1 9 2 10 2 11 1 12 2 13 1 14 1 15 1 16 1 17 1 18 1 19 1 20 1 21 1 22 1 23 1 24 1 25 1 27 1 28 1 29 1 30 2 31 1 32 1 33 2 34 2 35 2 36 1 37 1 38 1 39 1 40 1 41 1 42 2 43 2 44 1 45 1 46 1 47 1 48 1 51 1 52 1 53 2 55 2 56 1 57 1 58 1 59 2 60 1 61 1 62 1 64 1 65 1 66 1 67 1 68 1 69 1 70 1 71 1 72 1 74 1 76 1 78 1 79 1
10 1 41 1 46 1 49 1 50 1 75 1 79 2
1 1 2 1 3 1 5 1 6 1 75 1 77 1
12 1 26 1 30 1 47 1 55 2
41 1 46 1 75 1 79 2
63 2 73 2
1 1 2 1 3 1 5 1 6 1
1 1 2 1 3 1 5 1 6 1
1 1 2 1 3 1 5 1 6 1
7 1 59 1 77 1
32 1 54 2
27 1 41 1 46 1
7 1 73 1
