25 56 245
1 1 9 1 14 1 15 1 16 1 17 1 19 1 20 1 21 1 23 1 24 1 25 1 26 1 38 1 41 1 43 1 44 1 46 1 47 1 48 1 50 2 54 1 55 1
3 1 5 1 7 1 8 1 11 1 13 1 18 1 22 1 29 1 30 1 32 1 33 1 35 1 36 1 37 1 40 1 42 1 43 1 48 1 49 1 53 1 54 1 56 1
5 1 7 1 13 1 30 1 32 1 33 1 35 1 36 1 42 1 49 1
5 1 7 1 13 1 30 1 32 1 33 1 35 1 36 1 42 1 49 1
3 1 18 1 27 1 29 1 38 1 40 1 51 1 52 1 53 1 56 1
5 1 7 1 13 1 30 1 33 1 35 1 36 1 42 1 49 1
6 1 8 1 37 1 43 1 47 1 51 1 52 2
9 1 10 1 15 1 19 1 21 1 23 1 34 1 38 1 43 1 52 1
1 1 2 1 16 1 27 1 28 1 31 1 34 2 39 1 45 1 47 1 50 1 52 1
1 1 3 1 22 1 38 1 52 1
2 1 27 1 31 1 34 2 39 1
3 1 6 1 16 1 45 1 52 1
6 1 11 1 26 1 46 1
6 1 11 1 21 1 23 1
3 1 5 1 6 1 7 1 8 1 9 1 10 1 11 1 12 1 13 1 14 1 15 1 17 1 18 1 19 1 20 1 21 1 22 1 23 1 24 1 25 1 26 1 29 1 30 1 32 1 33 1 35 1 36 1 37 1 38 1 40 1 41 1 42 1 43 1 44 1 46 1 47 1 48 1 49 1 50 1 51 1 53 1 54 1 55 1 56 1
1 1 16 1 45 1 52 1
2 1 5 1 7 1 9 1 10 1 11 1 13 1 14 1 15 1 17 1 18 1 19 1 20 1 21 1 23 1 24 1 25 1 26 1 29 1 30 1 31 1 32 1 33 1 34 1 35 1 36 1 37 1 38 1 39 1 40 1 41 1 42 1 43 1 44 1 45 1 46 1 49 1 51 1 52 1 56 1
2 1 40 1
1 1 16 1 52 1
2 2 46 1 50 1
8 1 28 1 50 1
29 1 56 1
29 1 56 1
29 1 56 1
48 2 54 2
