9
8
9
7
8
9
5
8
6
6
8
7
4
4
9
5
0
2
2
5
5
5
2
0
0
0
3
0
2
2
2
2
0
0
0
0
0
0
0
9
5
5
5
9
3
2
2
2
2
4
7
8
4
6
6
6
5
9
8
8
9
9
3
9
9
6
5
5
9
9
5
5
5
9
4
5
9
8
9
7
6
7
6
6
7
7
7
6
8
8
8
8
8
6
9
4
9
9
6
6
6
1
5
1
6
9
6
6
6
6
5
6
8
8
8
8
5
9
9
9
9
9
8
8
8
8
8
1
9
9
9
5
9
9
1
1
1
2
5
7
8
2
6
6
6
6
8
8
8
8
4
4
4
4
4
7
7
7
7
7
7
7
2
7
7
7
7
7
9
9
9
9
6
4
4
4
4
4
4
4
4
3
3
3
3
3
3
3
2
9
9
2
4
9
9
1
9
8
9
2
1
1
1
1
5
8
6
6
6
6
2
9
6
6
9
5
9
9
5
8
8
8
7
9
9
9
9
5
5
5
5
5
5
5
5
7
3
9
9
5
5
9
5
9
7
3
3
3
3
3
3
3
3
3
1
1
2
2
2
7
7
3
3
5
3
3
1
1
9
3
3
3
3
3
4
8
0
9
7
5
9
5
9
7
7
7
9
9
