2571780062
2726877461
3183345615
2147357737
3263066422
2377861833
2416417651
1940081762
3222799260
2659863371
1796417625
1973319807
2131309871
1894483300
2469401641
3018369433
2424587420
1735501411
3045655775
2441969445
2296583800
2084528895
2219962310
2481951041
1774521554
2697624202
﻿2768659941
3198728804
1978837881
3072635834
2174919672
2466457582
1854869497
3264696532
2677573871
2249065417
3165942032
2592391087
2647382523
2235780474
1974871460
2841331130
2801346832
3231958860
2805709483
2624376607
3224597613
2650338621
3815419419
2045375117
2942817140
3508941074
2794978994
3448153900
3812364027
2072600253
3172773642
2479824672
2540416551
2768659941
2492269030
2254389922
2156340924
1743685497
2818175200
1647435704
1688821763
2021721445
1709157165
2164805610
2784181850
2218918553
2763573462
