1188552450
1706987705
1191258123
1237869662
1497327642
1197362373
1670697373
1886477075
1771140437
1191220232
1609875432
2619711941
1444865141
1249159055
2834256503
1748852693
2116813703
1680241201
1191262305
1403915120
1417037145
2105807580
1218478775
1299532580
3939426052
1889213710
1142648704
1596329427
2759526793
1646068663
1194868525
1830438495
1495332165
1195031270
1563926367
3668293823
1788911247
2032265563
1701401324
1645823934
1216766752
1082896707
2134671703
1003763994
1737979690
1459277820
1405603123
1707683373
1483330984
1053953693
1458470903
1272651680
1866319581
1435160552
1215031834
1198367585
1233227211
1495033135
2642800334
1571497285
3217179555
1764222885
3099016097
3229125510
1895964183
2423763501
3228016330
1615743184
1761179351
2549228714
1220291284
1751195602
2794665971
3920631851
2929571482
3200440947
1790597487
3771555072
2315579285
1627825392
3220647951
5150774534
3880503940
5267970860
1769165581
2150758415
1809098785
1496913734
2315355472
1710044952
3269276472
5082964934
1538379561
1881666212
2710524643
1640938307
1218353337
1313716912
1864955721
2686572051
2910277907
1867709227
2203416793
1791403142
514789089
1650361587
1863470991
2455778015
3421173722
1337970873
2914331277
1245881412
1901487054
1413304027
1605926357
1464928160
1885217980
1935084477
1042940955
1097414213
1956368137
1319911982
1786822605
1867790553
1110550747
2216366835
1194329420
1670037065
1704084074
1276412035
3268947881
2404232393
1233488674
1283493053
1623270792
1672392695
1803570001
2309623245
1707314224
1223354542
1502150350
2313983925
1264080891
5068682592
1496852380
1742566624
1649438714
1408607913
1182389073
3169959511
1197161814
1585354514
1677126410
1494720324
1182391231
1829464883
1813080181
1648237865
1400887105
1971861621
1866179020
1997641692
1826792401
1705180884
1198920804
1007343817
1691761292
1645215240
1749127163
1187986757
1708942053
1640571365
2562810123
1497390470
2365961811
1663983930
5347290193
1662766362
1249424622
1670071920
2145291155
1810565032
1195230310
1618051664
1666680885
2390654513
1314608344
1952225710
2718604160
1728551812
2241275235
3160227432
1258256457
1645101450
2516683113
1191258655
1644419370
1893801487
2373286762
1036663592
3201769621
1144393351
1735047885
1671342103
1813482925
1338738570
1634365454
1737847545
1700709963
1906766607
2502653563
2035895904
1419517335
3811990435
1113218211
1729736051
1862506300
1807715644
1676368781
1922542315
1890443153
3762390271
2291584405
1256947091
2044679991
3227910883
2439589765
2147283903
2009101365
1811891453
2029723712
2065625733
1810465684
1932383433
1567762360
2919798051
5270451608
1656809190
3952070245
3944068535
1746274673
5543153302
1878546883
1234552257
1672272373
1087770692
1629810574
1270468784
1195300800
1192515960
2014024365
1913886700
1776798945
1647171880
1749268803
2205860842
2089358175
1342829361
1726432853
5031100920
1868995340
1363109590
2647566747
2010286582
1659626844
2055207337
1098978745
2126136193
1700757973
1336593085
2154411657