12 52 163
6 3 7 2 8 3 9 3 11 3 13 3 14 2 15 3 17 2 20 2 21 3 24 3 29 3 34 2 35 3 36 3 37 3 39 2 43 2 44 3 45 2 46 3 47 3 48 3 50 3 51 3 52 2
6 2 7 2 8 2 9 2 11 2 13 2 14 2 15 2 17 2 20 2 21 2 24 2 29 2 34 2 35 2 36 2 37 2 39 2 43 2 44 2 45 2 46 2 47 2 48 2 50 2 51 2 52 2
30 1 31 1 49 1
2 2 3 2 4 2 16 2 27 1 28 1 41 1 42 1
6 1 8 1 9 1 11 1 13 1 15 1 21 1 24 1 29 1 35 1 36 1 37 1 44 1 46 1 47 1 48 1 50 1 51 1
6 1 8 1 9 1 11 1 13 1 15 1 21 1 24 1 29 1 35 1 36 1 37 1 44 1 46 1 47 1 48 1 50 1 51 1
6 1 7 1 8 1 9 1 11 1 13 1 14 1 15 1 17 1 20 1 21 1 24 1 29 1 34 1 35 1 36 1 37 1 39 1 43 1 44 1 45 1 46 1 47 1 48 1 50 1 51 1 52 1
2 1 3 1 4 1 16 1 27 1 41 1 42 1
2 1 4 1 16 1 27 1 28 1 41 1 42 1
2 1 4 1 16 1 27 1 28 1 41 1 42 1
2 1 4 1 16 1 27 1 28 1 41 1 42 1
2 1 4 1 16 1 27 1 28 1 41 1 42 1
