2823936055
2665492361
2647475161
2181597154
2244525523
1254210684
1736523270
2618700277
2455115404
2784794184
2167109553
2033595405
2141903037
2254970320
2873915305
2097611681
3662492684
2032100023
2642085621
3198417451
1698243524
2429350370
2131623401
1801712894
1662986631
2675385683
1798509962
2639537925
2100000110
2142834107
3503369381
2246205562
1771220315
1983759493
2435337702
1984145963
2682420301
1820079133
2963408204
3500618431
2343287033
2799137234
2517180324
2398759692
2838103342
3802588700
2880055802
2706941131
3603914371
3083672442
3213232712
2106607140
2951445397
2151837492
1901502153
2275293124
3229684123
2273307137
2677629613
2631656081
1990560631
1899934125
2625903097
2204029234
1975722740
2793160490
2262105464
2245075615
2166882784
2568423621
1738757345
3059621977
2213704023
2395073224
1881938402
2802297950
1819935727
1753074145
2144193125
2949617444
1756780051
1885240921
3670659303
2623898541
2908404785
2921244572
2300742402
1805223940
2931535072
3485225551
1826246840
3444049334
1819936511
2026649215
3355867062
1943381273
2187851802
2243807243
1949449460
2572390484
2634110343
3800479346
2878057970
1737835461
2647197351
2683943924
2400403322
2096214577
2671771083
2018679901
2205311833
2176161040
3514012080
2722148231
2070252924
3039334215
1819913817
2873915341
2819176657
2723430823
1956911795
1875297947
1990301373
2654536441
2418584294
1821330914
2677646163
1841882831
1984202425
1949484540
1749226610
3616123194
1730374903
2684087043
3168810920
2462291472
2054099144
2190493407
2805794972
1802426190
1949449394
2842832634
1973115750
2094886584
1733879143
2857658431
2939203680
2176166305
2748334000
3358593204
1742278305
2860596932
3211085254
2015653414
1739713671
1957271130
1873341590
2696161501
2001851851
2824512800
1899424765
2626641944
2209892560
2483232587
1886309433
2653877871
1608009760
2642417824
2175349040
2676491953
1930003753
2887783854
2813313591
2101896652
3168900052
2874705345
2575336860
2676626253
3435034442
2678910897
1789253703
1938870951
2230822021
2278693863
2658495375
1665102862
1752008764
1972029293
2430699731
1870542543
2450512472
2525361330
3763662784
2169760895
﻿2376534624
2121974367
1874529115
1791523204
2788238755
1899185115
2660206221
2874708385
2028990475
2155653634
2480241054
2297463275
2250862517
3635143874
2881512032
2859635514
2363340780
3229879502
2178646670
2376534624
2646285831
2603633707
3030208693
2016776675
2594384514
2056958380
2713277501
2470367722
3635149580
