2806381714
1974933650
3284570973
2891685143
2663649093
2824514871
2367432023
1828416133
2129519507
2879531344
1347329832
2566956620
2649338465
1745538807
2499632357
3280208757
2805122974
1758979030
2607487747
1265479714
2948793592
2404004411
2597966970
1878804407
2492269604
1923426975
2714422893
2206961377
2217477975
3216021213
3697345655
3182645917
1730234154
1288515550
3164105927
2499132780
3148573770
2746158823
1729930035
2203242471
1683873480
3501346775
3585208127
1809341527
2507382622
2367431824
3680082841
2331169865
2425593173
2673318595
1880417275
2415398762
2193932041
2910135330
2589215504
2282758680
1752045955
2536066284
2949181634
2725983597
1077353422
3077121584
1760161925
2092296022
2015645317
3265327063
1733116860
2203426222
2652613744
2119356950
2728453907
2805063300
2513937752
1825690713
2605671697
2359626290
1370454661
2372367205
2825974115
1822827237
1776527161
2971618361
2708117242
1595887047
2057324315
2248353940
2120484673
2696958333
1800305432
2062774195
1877663823
1858899294
1726119540
3253237452
3204142555
2622913923
1913203947
1984757831
3165100592
1992519923
3500312747
2570501430
3662277941
2493055287
3399755584
1713069423
3079839717
2550478370
3222502200
3224785707
2003258115
2953807654
2784724815
3495605347
2057955192
2729297894
2727157095
2675772470
2071422087
1870248253
2519126711
3421008170
3082731724
2758311684
2775879660
2907618405
1859593762
2719394571
1910228992
1751879425
2409382122
1847450920
2473601495
3634009220
1755429247
2526571765
2640752002
1892463935
1983829510
2576128482
1933069424
1940937482
3219399565
2591109164
2279322671
2712681475
1165768427
2280937885
3020230733
2799733695
2553360521
1739904130
2465991641
2510953640
3729159562
1851945814
2319389630
1993263211
2068423082
2815146567
2482699657
2196784584
3229714142
1935745917
3039017852
2917317344
1772693180
1686729513
1979942501
3192904243
1780265432
2244637503
1908055845
2937699743
2572302971
2694873183
2153664700
3180786914
2128563701
2690909981
2281943977
3058820077
2377479357
3163256260
2437440847
3579353752
1748026232
1672412077
2424008453
2095288083
1940210152
2032112307
1703611155
1441584945
2638341262
1998817061
2268192374
2711527311
3259086847
3220217057
1883448587
2940176990
2122480614
2400181951
1464329234
1752181697
2133892292
2823379714
3561530927
3177873592
2713112281
1495064340
2647605643
3149322053
1181183960
2475367704
1675665350
1498222594
2625104603
2162665914
2073110581
2739512647
2122409575
3323886624
1760910361
2568733992
2809123714
3685442423
2294248355
2715047843
2529697724
2530965435
2672618187
1788626111
1626023864
2512052142
2120139564
1496946900
1727509143
2881776280
2077746614
2651502872
2552867330
1862975693
2010286582
2105219405
2991940044
2027159373
3512736283
1665953940
3086571881
2910141612
1794670580
2816010560
3021539135
2714192405
1715836351
2183479160
2008053132
2558351874
2683245497
1888803891
2344147083
1726937811
2282237252
2110357892
2332139757
2463520785
2864727480
2156289650
2619724707
1744854043
3206016133
1788221794
1448349973
2481867261
2885796492
2122201415
2549023713
2733693087
3366040504
3082730614
2268467951
2521034864
2664091703
1000049615
3240770913
2724895475
2125702265
2473147164
3002522023
1730345205
2821192664
3226567605
3268835624
3209833620
2492781530
1600311664
2559221080
2050529061
2311094897
1805386480
2655803863
2688574855
3009699014
2190133603
3219948685
1593392047
2254742343
2043069085
2874940964
1864486420
2174995520
2724964653
2626959235
2722740870
1899315081
2499200657
1952611820
1458278620
2599307470
2732770311
2214148672
1874349674
2599791402
1522592257
1780527693
2217133281
3161409011
2485215697
2786822062
1733981657
2730213085
3240756525
2204316160
3316552564
3154787013
3226412135
2639104960
2496234595
3215732604
2010816470
1921701023
2185753120
1607463453
2128471114
2816422482
3200659844
3562464793
2005366583
2711018915
2575072157
2117767132
2232202721
2250074025
2595591214
2830772340
1929665032
3052697387
1879211747
2274612827
2805145624
2948839552
2682636341
2258873893
1805104604
2540147163
1426574062
1904285167
2003306933
3231922274
2662117331
2663983581
2463274115
2118794024
3092658847
2338188685
3214961803
2495405230
3652046361
2619286102
2378758510
2294583821
2185051884
2964314457
2323162571
2590630622
1962499865
2740134665
2517756255
1823758893
2076264291
2751171304
3151013145
2876302904
3117536965
2851418012
2883387584
2200105720
2284715463
3203654064
1959722981
1879146065
2946251155
2780744682
2614027980
2097991545
3031736551
1820632873
1974369512
2384355955
1894231930
1897378581
2399841921
3227818201
2644682701
2641433802
2349438387
2694978001
2881752950
2323006342
1745446735
3519529625
2044958295
1828870324
1728331587
3218934452
3301376067
2636900501
1814644027
2012184490
2797889673
2507426360
3217967535
2619139831
3007157437
2420423572
2086535315
1941364170
2137609281
2810885742
1760917354
1737869400
3218194520
2297637537
1665127211
3311054850
1752312787
3221199721
2607884047
2660396903
2723261260
1834783624
2474388322
2151612823
3266088915
3501485442
3168829372
3633316450
2180435082
2238278037
2754704837
2055200521
2101510690
3231594221
2921243302
2250496382
2140608895
1562889344
2541934564
1847285331
2489300943
2349646005
3162710421
2713586197
2271610184
3096891477
1989770410
1677999663
2727023553
2183937722
2211084913
2812918412
3202521650
2989561253
1713676420
3054460622
1802664173
2703142203
2626061247
1871597175
2853069962
1172914022
2704210121
2816899050
2270213803
2923655721
2459750094
1761687143
2482699753
2269157992
1682282033
1906241107
2270486172
3187191285
2854274250
3221259802
2781269411
2527421194
1881067577
3072720282
1041538753
2872683225
2713074127
2684022013
2339129711
2624992235
2894105655
2767176904
2643264953
1936003041
1762275815
2684640740
2931573880
3228497643
3206029600
2009555801
1738044940
2574886085
3357114300
2084528937
1788340935
3499980990
2494989024
2651180101
2745823277
2474302180
2964009870
1904444244
3234563273
2337835640
2866274990
2715782401
2456353831
2751236750
2838160834
2626538787
1546418322
1696654750
2079481224
3051154965
1621213515
2467732587
3002870522
1882826423
2495925437
2185808772
2758512657
2153823904
2456429822
2455269291
2106785564
2053298535
2816080872
1933351520
2658066883
1832588937
2230344915
2182043430
1944131591
2203820932
2941499364
2090129414
1802135937
1132931460
2621953565
1740281855
2418461424
2130367360
1785805097
1806744895
2784452414
3262569403
1773553540
2518393920
2654876860
3056069161
2768569363
3150710667
2852622490
2711228987
1806744097
2856805984
3109384637
2176174745
1865862312
3226952613
3185355425
1598497151
2266980273
2644703354
2181429011
2326213593
1490832227
2573354897
2684367297
2496636257
1705345532
1101379800
2672803044
1764029694
2116620860
3634366367
2821551374
1638765240
2690430361
2850605202
2397160232
2885238590
2154850117
3205342670
2006504365
2726126613
1990218861
1943773000
2198660642
3536903827
2490430277
2118839551
2600260540
2551028391
1834812600
3513481373
2820272821
2513651442
2640611731
3017679770
3273484503
2193718415
2241861727
2323241351
3231546584
2178047291
1759357345
2605163442
2837504697
3224990235
1906565511
2094000413
1793920965
3199035524
2776319612
2538037850
2318747723
3699216944
1664558641
3236708662
1776613063
2662262153
2063204534
2202543217
3180160105
2294813871
1681782947
1973568433
2101403734
3054768863
2105491201
2547090782
3180701035
1347880145
2291775455
1864317373
1899941753
2796919865
2267396400
2873773810
3873555442
3071682912
3018578747
3038622792
2374709641
2250598762
3187020024
2095829465
2176896934
2124980307
2682261497
2947569032
1351117240
1701273230
2137817892
2289193272
3484210444
3205547585
1610553054
2814327832
2860685484
2784039694
2620620397
1775854015
2203420902
3515214092
2160291675
3316254364
2768089750
1893930104
2460952871
1840857023
3195159182
1334148601
1725647700
1849725350
2409668544
2029554341
1586104203
3716512237
2868618612
1701798937
2949953977
1843182611
1835288025
2736227995
3298120710
1913398361
2965833607
2456231390
2414553382
3140229300
1903513262
2948603804
2002832667
3224362463
2751629031
2108806244
1900818832
1718738634
1984236824
3085009971
2480376010
2747483643
2813762943
2183557237
2727471351
3357949592
3673187032
1765857684
2059760773
2375131700
2701624580
2759366215
2726253893
2718438713
2616568061
2521521604
2734355221
2299170552
2255151605
3051648634
2420435750
1879944893
3208221783
2098392905
2495587100
2375650832
2904703143
2295512475
1253658984
2915357090
3174219665
2278162413
2231310372
1919399394
2812159274
2457825094
2332525905
2285560100
2348897824
2140660721
2694281613
2639218897
3109657575
3066221533
2024161027
3668973510
3305593212
2164031545
2785509645
3660852202
3127853987
2854172760
1660164830
1846471961
2283404614
2319071441
1749782685
2485508757
1934674665
3448149174
1918729421
1981313025
2710378497
2362648650
2724483980
1893614265
2805147432
3207217613
3445001492
2243091422
3272333985
2411456393
1747232202
2246515073
1971130740
2402130727
2107714222
3703138092
2137646875
3300477871
3083673700
3304103182
3558798684
3214867420
2651182180
2882342847
1814502414
2758719013
1904850162
2296216123
2620923275
1999901397
2258553805
2967972412
2905430675
1771502415
2429537617
1929356617
2511545060
3063091155
2014073180
2678371043
3166068911
2544303155
2383309983
2920036184
1786203695
1942531237
1728661373
1987165663
3574679470
1777256264
2002038872
2824972784
3050540213
2442147865
3160125367
2406238173
2429887273
1920155081
2156972084
3025587365
2155839644
2722943783
2475591277
1720978710
2214349690
2901611003
1829470104
3508691334
3176794014
2233191790
3217891413
2647233881
2747496082
2716843804
1594752151
2655470050
1844121097
2593204134
2218124510
1871587343
2919317205
2556926154
2703257861
2713355114
2362550492
2332850810
2719743434
2462367651
2169173365
3562472211
3002065930
1748296183
1860250022
2678459901
3089726040
1428977653
1611817310
2824952682
2673378804
2099058732
2728926114
2573108167
2139891051
3499538142
1904177751
2726399391
2325809273
2402246743
2159557473
2638854020
2043575900
3755120365
3604000742
3239996520
2759755785
1888756911
1957261024
1831136035
2846918135
2372620515
3082543107
2216853240
2736767163
2557351104
3009098741
2660786271
2409262382
2726286521
3180740500
1965980377
1766713277
2761527531
2822379970
2902609254
2439096487
1924432461
2775866584
2616772351
1648713690
2690762712
3224217627
3065474255
2343913634
2647314743
3543586232
1832856093
1749683690
1823366262
2172909312
2824706322
1708684674
2771381052
1855086111
3268240053
2635867333
2464520594
1672334743
3035100925
2614806705
2939349702
2690356123
2287943022
3298705477
2963173442
1752664152
2060862481
2791185490
2254825163
2044816231
1790834063
1982042820
1702463591
2344635291
2900284417
2728919341
2537898104
3054506200
2847455675
2384328485
2281248972
3160256332
2917268404
2403917307
1737644535
2491459164
1990349307
2268095401
2946795013
2915054872
2442674175
2823049931
2240167210
2081432197
2720626781
2571217862
3204877900
1973890243
1850796960
2285804275
1948688324
1650251220
1201549124
3707792011
3227575105
1931308787
2711578531
1773416191
1730187031
2109128871
2771561381
2103191521
2524317605
2250594670
2163537742
2375948311
1744418075
1846078615
2072417627
2704854965
1936673832
2336035021
1990300760
2094854661
3212380335
2283818510
2268534320
1732727881
2178539562
2823606824
2710918924
2938020683
2511638630
1845709492
1498451431
1791294907
2239922617
2191174350
2623409761
2049309924
2886224784
2784278650
2510911960
2647807947
3256082455
3263069600
1936026600
1631401824
3297760114
2050734911
2963139432
2654626081
2420458015
2286116454
1909398112
2771760363
3063375015
2374707965
2883071064
2832084415
2749068172
1733797060
1290207352
1892554924
3500175874
2495143672
2013839473
1646291024
1901922205
2357345685
2373045644
2179683534
2606596502
3460890982
2855297333
2753011033
1938314652
2642263024
2806285904
2507160190
2074111813
1664998371
2361428660
2895182272
2063655951
2948726944
2099895022
3765219265
1784303925
2710502761
2485573411
1791341121
2322123191
1822450904
2290811500
1765462132
1898530403
1878318413
1902247954
2146543985
3022143547
3215182913
3500593870
2017325271
1768545607
2233448327
1675141187
1655662393
2532988781
1700867134
1820664573
2594221352
3053045593
1930831025
2971183691
2543083384
1734056175
1635828753
1769946203
3206246765
1739449123
2012998250
2158455620
1410631747
1872304982
2674876691
1824814342
3001933832
1761025030
2068279115
2189095560
2526631140
1885572852
2109417587
2951315267
2940046173
2798381130
2418601357
1908004273
3051574753
2097963640
1665571867
2329375032
2188090304
1908960814
3308882347
2359841244
1672616342
1766922101
2688760961
3204806932
1943450884
3086993313
2533617341
2779782022
2800512040
2497786002
2305115235
1888858035
2137826812
2946625785
1911180293
3173259823
1833010892
2758266451
2829797184
2211297903
1819733143
2929875640
2812393003
2521598283
2572103201
2250705730
2774753764
2519341730
2728704937
1463385705
2627886375
2534217200
1572048072
1740627271
2548508162
2189784404
2574244914
1693950250
2156671893
2050676173
2804764997
2743411802
2677816644
2475441752
3266496915
1759440103
1907960852
3277957852
1909497740
3024229013
3341043702
2549737227
2194064781
2553705567
1720259032
1855884605
3221546151
1885196627
2107053600
2496225533
3501481451
3536776705
1670280921
1725461794
2178141010
3154309990
2762692934
2250459674
2725856227
1279215667
1991440973
2883632790
1812421431
2617439093
3083673130
3171560051
2402967485
2318576710
2667968587
2110846792
3627432617
1886139572
3103262847
2752413505
3367517320
1891858172
3337543644
3304559014
1990657342
2772409034
3212346670
1999604283
1344072940
2171414260
1801276975
1282511815
2132113020
2032246925
1644385312
2178697697
2962356580
1797901204
1740437624
2329788397
2233916294
2635154020
1069432112
2672808911
2672546581
2684700130
2745138667
1405957484
2587783090
2104440225
1681176012
2642144805
1870983480
2189078987
2354314822
3097819253
2842129874
2318724982
2598476020
2816216174
1744821663
1745073594
2894938072
2600147462
1844323411
1093991213
2928775665
2866545372
3109507345
1740470304
1790274911
3037856977
1799759872
2640947621
3042410560
2480426182
2634478851
2662492513
3127098202
2975650212
3196169157
2900482724
3084477925
1784300102
2009175483
2098364837
1147029783
2801298265
2058877932
1984082685
3172861397
2680501054
2867635084
2266927182
2516008623
2814109145
1927355635
2941048732
2082379225
2275798373
2779310470
3255403792
3236182202
3315456211
3217786380
2551289272
2291676327
2394125985
2049593107
3158903183
3106177545
3149023234
1842733457
1416331690
3214061353
2659707273
2408318052
2176156354
3048269197
2474335117
2415710257
3233306552
2678541381
3756626462
2704207687
2377433757
1878778884
1872824521
2751512871
2166513281
2607936317
2299253654
3057575437
1736174672
2123649585
2428783013
2880747305
1620375784
2767135121
3224020382
2236550925
2212768801
2709764075
2761574855
2992089031
3071829195
3431731134
2204511670
2649101051
2667089841
2398229802
2016428855
2237148064
2920800862
2491714413
1518834060
2056277545
2648224684
2738583871
2168246630
1864135524
3701405167
2292730121
1859597684
1513927702
2076689120
2176089582
3226957377
2552071743
1300865107
3424332620
2488959834
2248051410
2771709473
2880189782
2203598351
1684676790
2771202514
2255966980
2662643103
1734527327
2734409252
2098963151
1796984387
2150713157
2231361754
2188027540
2889246860
1799016257
3077388192
2458978680
2762178504
2197083093
1862412785
1985861884
1823197103
2170543122
1863980511
1876910944
2881533762
2877064020
2141904201
2250417474
3089389633
1812954134
2439340995
3172577401
2137438220
2790807387
2677264837
2132994771
2377556374
1926615962
2667008181
1978368915
3081214554
2475543260
2921243380
2257914714
2795436935
2461703655
2374908945
2062470471
2145795995
3205719357
2728406503
2507506522
1664805947
1749887340
1976224277
1732704482
2606871555
3228024452
3074282815
2627227920
3671870784
2108670392
2156376540
1935498260
2230895035
1989930651
2117253820
2182508490
2784823713
2327307145
2153346104
2824081970
1228752375
3247283392
2889038890
3493948704
1660303814
2652593002
1839556731
1094594714
2302049784
2034393810
1983327567
2805922957
1928122601
3604670917
2302013894
2259489267
2108659485
2950147371
2879281874
1749567310
1615894707
2323278342
1784261361
2268500813
1862354395
2699490110
2132213865
3145719310
1907937104
2724488552
3099589455
1253265361
1630239090
3222609062
2938281762
2687828213
2582051692
3032433241
2031142345
2630149380
1766580883
3602917270
3705051583
3225392394
1723689673
2480459470
2498381205
2137765877
3604473795
1891800155
2703606611
3334742070
2281250484
2217367265
2402936752
2295035834
1984938035
1822931845
1918164793
3283020931
3242217643
2832789182
1326181183
3245937602
2640273033
2093627343
1677836321
2144551033
2789743392
2897371773
2156616630
2921221722
2473009957
2334365645
2527227410
2994759744
2745547060
2367268424
2328150804
2097709213
3197423504
1820090471
2718182241
3224769223
2310738112
2610600485
2204499433
2899834605
2171215000
1770742817
2184074854
2808718237
2462858490
3084411875
3043943077
1676334537
2435544500
2101558580
2474239662
1557158021
3557575652
2902997477
1822464620
3116716801
2198762755
1611533804
2127177804
2099264620
2191001070
3223933070
2503065982
2608219435
3494908404
2776750965
1735871172
2698485677
3512330033
3514678363
2723983281
3299094722
1756693877
2497523424
2337172870
1845427974
2457069131
2713061383
3027322477
2763366774
2171890050
1650107735
1973777102
1969953375
2703415875
1923292884
1735111754
2086659525
1878701727
3754905352
2714898823
1840179925
1745249400
3157735901
3005855102
2030639007
2345176821
2707418691
1737562557
2037539081
2278451942
2060364664
2158033687
3165117264
2190497751
1843152941
3429495614
2141190967
3271510162
3205286607
2674774961
2704081603
2871424580
3486517824
3023431253
2736100571
1736053693
3215689367
1926510802
2846405057
2992084141
2839293420
2338680824
3019363790
1764798597
1879020440
2635539922
1747523521
2322858050
3535206521
2669850183
2707038335
1830664832
3274032963
1944074260
2727324545
2997718781
2526827511
2338732747
2158766364
1678364504
2316057894
2834272080
1844380101
3245067592
1645816432
2801137213
3756074543
2774620160
2475474210
1784251614
3326502460
1617545957
3149683797
2091141880
2907754110
1791810867
2729751455
3409282774
1726289433
1734382633
2921614911
1877639101
1765491552
1263852405
2411616852
2719374593
1929205677
2375630672
1750672311
2140726905
3433587360
2044004490
2082761037
3205158910
1896262901
3225169867
2756923040
1748760015
2466235263
2966186242
3522870637
1878600965
1786840813
2459634333
2657702433
2799567500
2080040597
3117659930
2245360450
2585024671
2511801812
2873735724
3204181741
1228458002
2506792094
1650867513
2656671445
1663023315
2641031043
2011653020
1941248923
3316767814
2977040842
3088690907
2883781072
2344137693
2964432431
3244600632
1752429533
3238811554
1798768720
2787136160
2774344394
3299955252
3164120662
2653845363
2900606690
2629685951
2943682142
1227477054
2815203934
1921313303
3220106067
2736705373
2341326234
3177647827
2470292092
2293617820
2041573121
3023480501
2490823982
1888508995
3027605517
2490870554
1850334260
2091740677
2086941355
3537015221
2928774643
1767238374
1814022332
2259922544
2714020993
2486311595
1980783072
1733304830
2429561677
2708069352
2711757797
3546056835
2038130725
2309663985
2287073773
1805889970
2503651861
1822225364
2239467881
1663970180
3624195707
2661313581
2877845664
1780749495
1904547581
2458188372
2883799414
2638271161
1917128674
3639199692
2929519982
1784418007
1994195890
3049980402
2119132395
2963766384
2987617135
3208634950
1656839855
2011048580
1793999061
2570967155
2478588381
1885154850
1850580800
2140217761
2531944587
2192668613
2498605297
2372044845
2481927415
2151748205
1080663890
2079043133
1800285150
1928058077
2733956945
2133771152
1729162250
2396709972
2292448173
2546203911
2804342102
3195945650
3165699485
1771697423
3501415802
2614780445
1784437561
1959977581
3082729394
1879355954
2798474025
2580043460
2943042683
2118932693
3210143252
3172532602
1195188900
1737217954
1919205277
2751425535
2559092622
1659160457
1914651910
1670704331
1756716975
2011708194
3200183843
2891291141
2080545155
3077119562
3097946773
2105120097
2499669922
2335635970
3374892994
1762131905
1799943197
2779060407
3194724410
3740881684
2246052690
1890149980
2409712777
2058935324
2436244991
1828560013
2318326074
2388181271
2230885434
2235131363
3161409914
3263200154
1866250305
2821971583
2724437170
2627674543
2804909110
3033809063
3362126904
2792501140
2255331564
3148426650
2330759720
1788487691
1730361164
3083310715
2215061911
1364864395
1796309513
2252442984
2381407705
2336592300
1821475440
2845503071
2754172363
1640270127
2505427902
2572836083
2551853214
2054659303
3268143457
2258577177
3159340262
2118159280
2304231814
2758549892
3285707237
1750155712
2015610967
2994653537
2417612080
2218606420
2041894811
3021404553
1728860841
3081877923
1805575041
2812401727
1849544641
3610462427
2932413492
2797688123
1999426891
2691961951
2624968577
2817760262
2487952770
2608964660
1979816491
2530858514
3290708237
2739972180
2724391323
2207675430
1779519861
3063939811
1828922367
2806196673
2042855111
2652272812
2306404320
2718481543
2196143995
2656536284
3446738664
3558019605
3093138171
2786755123
2429586980
2798344894
2091360873
2049271507
2734411635
3763936545
3219607834
2551365195
3567927907
2653156192
3670897474
2203813855
2241346194
2952009743
2044092560
2177200115
2548207710
2785804544
1764717442
2472709390
3264769287
2283503181
1973135621
1658545830
1855447831
1835483915
3195260523
1975131655
1740090233
2946889212
1721715201
1812548075
3181197582
2381896831
2727300275
1768607164
1972924512
2857148322
2975834140
2036454462
3317273022
2902165401
2056329004
2118161684
2879416452
3196562893
3192230172
1267841807
1916670221
2580153462
3324689750
2730683325
2341757114
2052818527
2330675197
1970626245
2040976891
3423473390
3605682635
1861810093
2086690555
2202962292
2033157010
1654709150
1864418973
1714272344
2815014487
2944071285
3078714897
2439108547
2111190285
2129446043
2232484661
3243218977
2105195034
1676737373
3199043793
273074029
2463756001
2627679537
2278044691
2695282361
2871636321
2688745673
2938475331
1343781930
2613117092
2234725715
2694377130
2432815471
1749907825
2373574910
2252417442
1871089417
2689404633
1988515827
3127632331
2174601162
2724136100
2363709803
2647256091
2170988177
2923393682
2100360587
1738143254
2261969923
3787561883
2206456721
3812928514
1831697955
3173527140
2002593631
2566827623
2187858204
2173738053
2071449663
2473670211
1807706710
2634559023
3114931041
1749898617
1559180650
2717844351
3185528125
2532030642
1737552285
2110363090
2021100103
3239128224
2810868783
3428374322
1806214332
2189934182
3228574133
1765864303
3619912724
2272805175
2735533281
3047517113
3559853650
2239878610
3513981752
1874725331
3066766407
2180250425
2233604761
2884631805
1899307840
3171138730
2307372110
2732858434
1756662133
1998895327
3108133727
1995083950
2712737630
1784233551
2870355484
1758989394
1771409503
2231869757
2144658611
3189015217
2686259611
1711885721
3214248612
2679380663
2581337001
2074341321
1770829143
2718154213
2938045360
2563435717
1763337904
2014738342
3057803954
3216619262
1689226401
2273553192
2667027433
2043274575
3103202643
3163796794
2445153495
3269914684
1780327911
2954183847
2397641591
1758939521
2634530393
2119700001
3542321431
2769034890
2773428811
3019064330
1363137620
1769582860
2242003012
2475491102
3137188531
1980181517
2879321275
1996315950
2165837007
2684751591
1721972991
2808165464
1887582455
1734650901
2002355233
1912274991
1762901580
1968224843
3009634022
1768636312
1788451117
1530383897
2810815003
2905602257
2384366771
1849063560
3077320435
2113140331
1734784560
2417326674
2213757980
2014244031
1758972942
2280588564
2774787445
1707433015
2630470745
2049530820
2686448391
1310034674
1780827201
1600007333
1345808895
2485564670
2728578002
2510116250
2269480281
2876779532
1872334120
2499261467
2424985802
2129635672
3237780522
2056402690
1708037723
1789337484
2884236641
3209873477
2427543932
2051627261
2748021757
1761731682
2106784773
2196673567
3086981773
2992846544
2214414675
1664065962
1967377484
2827398400
2748401452
2385153454
2748414610
2768294511
1883869845
3045521215
1904299893
2118546370
2720505151
2501586381
3198728845
2830714100
2042692811
2845799240
2171141965
1986627115
2003563740
3164439790
2036248903
2683654817
2059140322
2589391924
2049369434
1919292625
2883936182
2119363683
2751660893
2373002964
1725165250
3007647695
2800420112
2779767270
2597498805
1676198024
1829719215
2407090087
2943802007
3226236172
2620032677
2387443233
2282319823
1829498414
1959221052
1790519221
3218536122
2200229014
3172404312
3179163060
3266768083
2864674400
2781268600
3640603544
1847234354
3246835910
3224085240
1729725267
1752701994
1967849083
2625565387
1777194183
1678518585
2774187210
2825465117
3424972340
2936128301
1838357497
2853564735
3747790960
1852189012
3196639374
2448179364
3045954245
2711622040
3434340750
3120224314
1664530177
2585949477
1945892184
1929642227
2903562801
3358218422
2019950313
1945885652
2103473217
3090914795
2088288127
1768945853
1987849317
2155025641
1745415860
2711396713
1840719452
3537050027
1902501757
2713112092
1766030902
2153397103
1647086430
2216923163
2837807445
2556307952
2721306421
2454729064
3788367802
2735424177
2270818733
2278757363
3698902727
2310854322
2183395592
2688922971
2080755457
2772315502
2000645093
1740589847
3201571594
2447627042
1914038494
3497628457
1728606934
2662907183
3307717792
1743379041
2245893433
2796503122
1863031151
1496865113
3703898141
3226057051
2169730843
2810479322
2617818103
3237649947
1698026705
3402392444
2185007463
66053104
1772945182
2287560560
2529921070
2011125125
2088669845
2830175585
1813554857
3258465454
2920856714
2906197215
2729764847
2868353550
1781895072
2610596301
3192717213
2965508202
3228990530
2913730211
2403878977
1375605385
2150752192
2855133977
2186209761
1720800814
2358288633
1863652184
3125816592
2776601894
2165869230
3783161807
1862374430
2105503797
1648779653
2001077863
2113354174
2178986475
2747093357
2323146735
2186930172
1647185433
2130645755
2180325762
2504788620
2405092203
3262709734
2793640762
1974120422
2273101600
2406410427
2028272667
3009151095
3492414055
2733431041
1635211482
3441787422
2332441665
1937127240
1885454827
2648171831
3203705664
2635639253
1899679497
1460307497
1569112387
3005797047
3270628601
2606368515
2886637911
3009034240
1231485993
2197056732
1918754533
2436456371
1803438385
2741506401
3134975470
3618384434
2132830543
2605154804
1747498451
2676766413
1907051167
2768684694
2642188955
3255100183
3187567194
1744040705
1064205421
1957555677
2266274160
3708509642
2363060902
1921795893
3266079994
2624517547
1725551905
2921579173
2683705563
2659964200
1918910347
2733678327
2834918510
2991824775
3179372384
1963707391
2614905713
3368509172
1801950494
2166972914
3093293953
2629227783
2757584241
1807465884
3068686442
2376785625
2421995352
1222321235
2439286971
2532510670
2087148240
1901755837
2194423897
2539983132
2825022680
1647374761
1574875567
2508489537
2755950402
2684343551
2171627563
1195285421
2169667437
2335334063
1912696002
2759290364
2269019890
2695156893
2725857333
2672121523
2683933281
2093210593
2534722061
2383915764
3212572994
2599496613
2919420557
2615215325
2012970424
2880524274
2108165354
2863355473
2040963233
1766784911
2449989615
2214700471
2464255053
2600720693
2709073245
3205311674
2714940774
3231705510
3342289170
2068865103
1564528391
3204783667
2468386060
3173177335
3618769034
2492866484
2449167861
2898709753
1864882994
1768515294
2291361834
2140712597
1818636532
3230134304
2466702112
2830764760
1372980304
1993299334
2336876804
2092529452
2996424797
1828608037
3226986995
1379026565
1769929035
2977087305
2643698623
2015298057
2799843124
2038639812
1882716644
2779885320
3290399117
2129453757
3783091313
2690419101
1661097291
3605388977
3116220520
2250580492
2866400260
3518342775
1999450191
2382581835
1912364393
2583459582
1405391725
3253831097
2606144780
2142047745
1737963621
1787772881
2093748521
1239243512
2839177657
2212002571
2116293297
2435392277
1829779415
2134036274
1969709774
2396436100
3228537474
2617406611
3243690834
2702383380
2772256451
3536899735
2014409693
1789222787
1606975083
1580895282
2837505502
3703176902
2769705491
2003290351
2408607632
2736400357
2546976265
1988885697
2817416545
2869364232
3210026603
1941731711
2785253121
2431100681
2683002613
2545080503
2208387510
3170582182
1649295162
2033755002
2782982793
2828454410
1093138932
2377044764
2678162131
2157502011
2109341913
2328752863
2177923652
2162243812
2080744151
2285143737
2786997375
2819783403
2072529433
1904101112
1623396632
2800331890
2188373747
2280497763
2000900040
3011487847
3363199250
3096700773
2721789231
1617487174
2612428017
2803612255
1893136801
3224852964
3202106155
1054431105
1236398400
3196614293
2503560303
2026293103
2679636722
3580678974
2257182583
2280672504
3202904184
1659002981
2397153170
1616089260
1772206270
2642993591
1576193572
2671086155
3258060375
2806308300
1909238942
2059172360
2475542991
2090848044
3667689314
1765715711
2243416622
1848465314
1667839680
1966719467
2667069811
3088312530
3197519104
2814622770
2634758353
3139406920
1794161081
1961121221
1921897364
1913201697
2625120693
2719452445
3229692443
2015030757
1894477791
2419018980
2339802720
2551964570
1793550082
2328878245
1827285165
2764188073
2456283482
3339383310
2014081037
2617596537
2813085690
2642879171
1732294227
2617809347
1784099513
1929429315
1950058002
2652052253
3223039897
2799434700
1305703287
2107212342
2035974000
3083155203
2548498315
2271025654
2807640750
2080905103
1717082951
1699456497
2835828602
2142259163
2926646694
1704972120
2551716145
2398921791
2877137832
2654036243
1836039615
1936766310
2001132225
1672590817
2628454160
2153503354
2628866700
2344539062
3560644117
2833611264
3675877671
3192949371
2122454455
1702179031
3215201955
2217153187
2526838192
2282402932
2050287500
2729940067
3167289423
2122364925
3213446733
2466181940
3230730202
1614796254
2282394154
2620422137
3212304302
2356116561
2877543005
2809550422
1671843383
2824716612
1772357227
2316583965
3223696590
2130189475
1997985167
1566194711
1733069944
2284217402
3084724695
1764535943
2577106682
1778522294
2171378910
3706859577
2642430943
2840023377
1017460942
3226533272
2123392247
2426673741
2230466073
2242717060
2544600401
1782349641
2343240475
2878969222
2288476480
3218247112
3234995697
2649331717
2989543977
2182003893
3567204095
2785690302
1790607161
3553585504
2845495104
2416560422
3266979291
2643778974
2557347977
2966713722
1488949427
2855975744
2675404101
2174434590
1804063980
1878220725
2257586081
2926905665
1792438485
3236224074
1819421193
1997297344
2953648145
2872539820
1751919271
3015952820
1758862647
2758575061
2760052790
2786886751
1928178985
2797294812
2178622992
1611415115
1883546030
2627389417
1956987462
2041644003
2812164535
2328569422
3741195191
1825197101
2247948171
2656188453
2625562027
1862356924
2258081502
1854296804
2156196724
2175051931
3516597480
1730108092
2823320743
2616965772
2384655001
3202104375
2809619152
1885747300
2755382130
2118259720
1927677955
2801656564
2928477531
2704540833
2697684154
2537131372
1405173220
2682593751
2816020707
2323024863
2832348820
1998906917
2267346190
3088281042
2154411657
3226821223
2581147977
1869005924
2732954954
1842191320
1919121507
1961293990
1910305102
2151048915
3472380014
2377080370
2578069392
2626249345
3195520231
2537610174
1764405293
3224915991
2282983781
1912142117
3222133644
3061264575
2943767904
1787728323
2147399644
2765230220
2637927297
2271167107
3511495964
2984854834
1794225974
3675353407
2865342620
1898017735
3206880394
3272366181
2509604454
2122151891
2640188471
2048082395
2606769155
1769849367
2648640334
2521818544
2338206780
2304576844
2163007254
999166
2972755714
2507236927
2596532667
3495695437
2284062770
2136414523
2011696472
2623244865
2825675281
2759576447
2383083827
2730098554
2818297277
2812106130
1915906364
2704106041
2140216933
2861055922
2662629835
1972812307
2804459662
1940888514
2254482714
2537105571
2751354941
2095247121
2534595470
2530592584
3484104034
2135338951
2388713645
1670055594
2628406473
3476834104
3108489635
1744050443
3753365577
2893308085
1244735225
2610173913
2102033653
2303626433
2042837203
3231140870
3003278090
2263203097
2640710861
2191456602
2709703703
3078050850
3298290821
2609291181
2776484851
1875092643
1007964195
2927935823
2727265283
2837465935
3547985185
3079218231
1823318084
3215648650
2699499467
2809171550
1878155331
2794655713
3759856803
2593865920
1799135520
2320252231
2699709770
2798152402
3212753772
1962140671
2684468371
2255334485
2623910037
1977662711
1648186912
1609237625
2736227717
2037171082
2282317192
3206819114
2757700347
1807510477
1793375513
2079633167
3661261443
3198106793
2482170437
1780927061
1709617825
2739153590
2149274037
2696065043
2612192452
2018740973
2051225380
1798227870
1407546492
3042076303
2384224691
2395960400
2047066483
2885490484
2840683852
2042538037
1927940587
2485621967
2180956933
1945497840
2011539833
2170829035
2670790345
2675450111
2967227930
2534219957
2279538427
3514480271
2931108652
2536597732
2040250483
2964698224
3423778174
2287899224
1610712333
2082491473
3622266611
2707326591
1747620453
2135883233
3753791283
3471156180
2296429904
2944009047
3023980543
2213791910
2245158921
2117907017
1740283567
1883664771
1742776605
2625095641
2817647094
2610407787
2137567917
2709828027
2610625355
2427925705
3783103540
2734358021
2167651317
3063523663
3506898343
2748921021
3500205730
2512165157
2907168841
1862954462
2297536893
3156976620
2346741925
2072683543
2351610324
2648780213
2156213160
1930678293
1940371312
2955735872
2039988641
2771275852
2649451952
2720053512
2191409252
2904708067
2006293004
1848226083
2085273361
2458818062
2623985417
3104933837
1903283290
1815114652
1894756981
2456356474
2758621875
1323925117
3462441322
3429047694
3778734742
1818335153
1689680690
1971855741
2502492552
1879806187
2098247810
3149779193
2003538755
2597624682
3192246340
3174059981
3372813244
2815087732
1918601565
1847079121
2015628637
2101448420
2328616972
3537008301
2992558402
1650457173
2271080123
2315563994
2872259102
2487533415
2734390974
2258904252
2641703294
3184882111
2751482975
3100290515
1341529184
2135399874
2455291971
2568532724
3215363797
1845703367
2130257944
2303956167
2339051285
1843036267
3220894102
1911172202
3166560793
1734041697
2772144785
2082573803
2411206370
2616214205
2895879554
3771498300
1972313957
1803915077
3473164080
2707225877
2549783300
2177119084
2805158385
2611645533
3213365237
3052668363
1962727521
2779588701
3297233557
2594734084
2823927172
2731193773
2612778620
2571523822
2787127965
3267272281
2720497581
2818420367
2927530332
2759906397
2683646011
2736771937
2898489857
2723451205
1762148913
2383281414
1747608364
2957967603
2242171774
1806308994
3308977850
2197889245
1905437333
2237409214
2987098237
2177183940
1861718610
2710654913
2243383100
3067229355
3104925907
2736178793
1654028784
2749105311
2901944872
2183611277
2306420885
1752224070
1932537045
1770737861
2449902000
2477311817
1802127187
1769023863
2479274575
1717372805
1370030471
2813004587
2714003723
1702627630
2208661455
2250436534
2393961744
2503588922
2757875643
2745530012
2213946522
2272844757
1885512105
2690551221
3299002664
2680419651
1959734834
2347540107
2812126692
1892865931
3423694182
2362285415
2835520230
3166732355
2786861820
1723830151
3557469320
3245629373
2635664984
1559481427
2492473972
1615707357
1912930291
2403973455
2897665773
2490827685
2826023465
2474100407
2284142134
2900523104
2143463675
2834814364
1708717081
3202657730
2545089850
1842279437
2334205482
2741677915
2800456272
1390949402
2483733875
1379082363
1746878321
2617859611
2040123213
2756452152
3186373033
1776977837
1989769832
2639204793
3263568987
1884582761
1893422335
2293349757
3138379443
2362918047
3560621794
2032619021
1838388131
2830376170
2842216900
2820695091
2473005121
2480603304
2950417962
2758559213
1673193987
2570146682
2353168934
1967254221
1763917507
1745444942
2740595322
3002504431
2255386802
1780690023
1858480072
2097035522
2670440175
1617704757
2619347902
1684461340
3513204152
2718026021
2367607615
3226341803
3161375582
2074265271
2869625767
2979569730
1739173901
2982568232
2027071090
1854722641
2270437655
2411232050
1769798125
2790816001
2728625842
2246483757
2099689552
1985589963
2183611687
2025487965
2619256607
2237834984
1644669487
1756303841
2144165901
2076276535
2609591354
2369416633
1778900991
1886884995
2751440853
2499296717
1884907505
1890950291
1719008990
2815354997
2257681645
2417350463
2626249891
1918225945
2642468391
2606749327
1782555847
1879044202
2238483494
1305251673
3537055035
3240535154
1819640995
2244582294
1892127893
3196915403
2825896112
1873693772
2618935823
2417964835
2900603050
2462661954
2164231032
1847464643
2105846974
1954480640
3127062870
2617510287
1807522507
1957821153
3198077573
1686706683
2988225675
2440051591
2757678667
1140886821
1823650004
2786742751
2281846025
1653157443
2001660327
3450140042
2338136521
2091894925
3039565245
2722130553
3184758503
2099529594
2324545913
2332474532
2085287095
2762931265
3337223132
2779124391
2139629823
2035066075
2296961764
3463161740
2627023653
2011172694
2234926242
2121873217
2782622822
1947071045
1077850083
1908018253
3501241901
2702906923
3134482901
3567936494
2001733513
3377156994
2641998901
2251141960
2195831363
1960586390
2334510494
2883862617
2322549324
2410478391
2273009233
2970598642
2170405277
2051151505
2671918113
2695165721
1577137593
3203985124
2806747700
2322741807
3622325995
2161394823
2218249537
2485514310
1845041413
3224681770
2991096940
2287353000
3176464783
2627700353
3169959511
1955019825
3314799330
2839048620
2138090314
1803081562
2473364394
3033878917
1601538693
3029042875
1736762694
2159650727
2250441470
3542499014
3173729090
2023218441
1658102004
2367125730
2608434111
2041689491
2378554834
1928156591
2734496087
1863547943
3415922134
2132962253
1955484640
1899095750
1864540295
1688057180
3481324533
2491388260
1610782682
2236125872
2521018060
1228666457
1976676651
2767832311
1782648525
3047746384
2513266063
2027669412
2805154162
1848243325
2696552371
1980749663
2770647480
1768124854
3170246437
2574757461
3754656035
2802885432
3240815610
1537931337
3118322772
1878983773
3178657793
1912968725
2128644141
2132082825
2128884141
1953791972
2640399755
1926433927
2928168473
1896871524
1756460841
2597492720
2092593671
2141690763
1685293997
2242268673
2249373510
2411201873
2156307551
1969375107
2298431997
1948605020
1989755493
2632844897
1615843000
1797145815
2663416852
2634761885
1685016191
2747269460
2068409335
1946798710
1996181681
2765106030
2949118537
2801143354
2567878402
2683815523
3418301120
2902573552
2648536441
3411890154
2050767360
3110261443
2060518123
2340075487
3075806312
2864201205
2739281392
1863469122
2624627830
2616169327
1854418942
2625453257
3352534700
1929399291
1987730181
2182048997
2911204215
3547538213
3808708116
2669754117
2151819940
2719478771
2315403054
3268132603
2043338425
3409818980
2283390717
1915960871
3015961081
2129342280
2060949981
2390066315
2605060284
2618952051
2711979424
3148819764
2283854784
2052409737
2032937381
2312598401
2322016104
2120620197
2117140334
2755408200
1820437691
2851316933
2456963295
1582134940
2785594241
2177107220
1865804214
1762231713
2921223740
1990201071
1972700451
3172627473
2942599332
2534155632
2761135112
3086690033
1764558050
3226359945
3367231050
2912237882
2748714595
1630474180
1764818102
2344162302
1943011540
2344991412
3211784077
1968194927
2731618597
1895394821
1409654341
1823241083
1506349991
3261096641
1219527411
2308254571
2203599771
2691746634
2592847032
2310972090
3265441121
1877718017
1927333592
3058598011
2429608027
2081436593
3333874040
2082521335
2366344667
2107030680
2352190352
3680887614
2790926971
1895471531
1848378901
2825949780
3228754964
2941032984
2705547953
1995904841
1865422494
1372921933
2823480587
2587646592
1779183193
1918363255
2529926007
2128771982
2199267152
3227282610
2530677912
1730357705
2647518113
1711919030
2011965194
2607133092
1990553567
2598015157
1972964320
1707775032
3212542753
2952250815
2775113567
2121777927
2080803341
1985395113
3045711844
1984125073
2745138341
2726951695
1038354325
1768448643
2274688340
2611726885
2138659301
3358701770
2234338251
2710733965
3711061097
2191524015
2075686772
2267116823
2660849483
2638391024
2776301995
3238061652
1916985423
3220467243
2986642991
2306365475
1910360044
2033206890
3561563824
3494498001
2593816530
2711510930
1854387312
1766516320
2001009597
2368001771
1909090854
2335469833
2648320431
2921223352
1747889673
2372752663
2104593347
2725005651
2940730243
2728575247
3790605343
2295185744
2280398995
2705406183
2169826045
3272550787
2806767352
2713175541
2316203903
2182880671
1898616551
2485493011
2767671902
2193818591
2097132437
1514510524
2798026687
1679909375
2718784365
3197891425
2973405665
2761601807
2292435055
3099039873
2425978832
2949488427
2509989762
2830901287
1559021051
3245021674
1735618690
2281439390
1403815201
2155209850
1956534155
2636901060
1732096252
2614976430
2689237260
2704356995
2380532320
1791188232
1769126990
2368624970
1762685530
2751596500
3168268182
2316320743
1872350660
2605320710
2127200077
2490058722
2278147567
2617959697
2799864254
2351408621
2634282335
3605414902
2809253147
2595938892
2282250244
3214307597
2801138603
1868524980
2362208517
1805563120
1762149122
2162536184
1955662201
3171845355
1678460261
1833893152
2459559493
3746742211
1833852594
2827198252
1802924997
2089457975
2785297183
3116105601
2010443341
3474535240
3079074053
2811931970
2798099705
2884185632
2293356560
1972288014
2323140511
2394311852
3073692410
2451271041
1994117517
2511913041
2531920430
2233035702
2840727870
1653208223
2097159097
3273255600
3468160390
3661344925
1891403583
2200786894
2073499071
1959117174
1865917220
3225848610
2655668582
2714495965
3197718393
1890571410
3515116590
1802172363
1708541972
3194640363
3513201897
2109811910
2726944847
2530882204
2533774687
2766236507
1747681374
1931358544
2576579032
3087584230
2242591620
3047391565
2608474764
1653015034
2971838742
2755611584
1798987857
1946469294
1647171880
2567582584
2767640522
2365396250
2462378954
3701548801
2260787065
2097644473
2183611537
2253159472
2966356005
2105795734
2030435001
1767069292
3259271994
2879593683
2145441891
2786756347
2309732987
3467478012
3304296462
2022340295
2780820253
1731799501
2194294823
2942116802
1730177302
3567388990
2608458821
2299820470
3104754213
2841715750
2291767835
3263496793
2546343795
1842341412
2622302417
2731609477
1543611973
1657140272
1883328865
1934227115
1975752667
2218339891
2265579561
3205414165
2334290784
1925037165
1846076491
1968499983
1626884907
2822535362
1944486780
2785099444
2733764270
1965769171
1663662573
1848141161
2341332067
2041655881
1831779244
2357849707
1949597114
2217223491
2081747287
2696727691
2704561995
2366998594
1283542505
2280368352
2595160760
1959459071
2449948241
2530668692
2177114123
1620194545
2133273840
3229032224
1752880701
2425596462
2815177652
2612010477
2037953974
1351400527
1813467230
2681232200
2160935047
2402949434
3231601660
3081898282
3019090232
2858021794
1827358234
1927839815
2486436547
2617733217
1770446912
3773819797
3078299230
2609988380
2790148617
2677928413
2511616282
2797048612
3212562232
1303284125
2183611703
2019175537
2035783775
3086915191
2558215001
1307848563
2211595043
2865691442
1728483844
2091986223
2206600170
1826417257
2459019127
1962952241
2131388137
3486105614
1927147471
2430156504
3025754742
3701311983
3412028284
2622667872
2752347933
3119291817
2712404553
2187550224
1982743093
1788332607
1659354782
1834584682
2288497280
3316144844
2184970742
2685156841
2688107963
3233597697
1853986163
1496824205
2349233815
3626282282
1807430590
1762152001
1713437511
2971675170
2953328551
2074604133
2704796433
1679452874
3208383617
2355839344
2387049237
2466505347
1895462465
2213859044
1364865032
2597504575
2127922373
3227391594
2814593240
1900868873
2051687677
1749928180
2730707670
2245788651
1663297242
1644150350
1746855621
1922777612
2625386457
2664732325
1751357255
3202715634
2975518734
2635801353
2124103125
1971327992
1781417624
1748044952
3737405345
2726203487
2030355713
2556793775
2661035293
2648756184
2147566377
1734549457
2590870722
2561783033
2730260173
3100373801
1791312721
1631397654
2722729452
3166860991
1759339881
2598579525
2313421845
2549497725
1933234917
2794262864
2086589172
3461447862
2556973272
3097379627
2478332834
2498516884
2921244580
2241194915
2171937894
3224332850
1726226670
1879631155
2196536083
2050775662
2289922655
2634821551
3068980055
2524196975
2672135011
1326242201
3147862883
2211817287
3336023204
2636573273
1801533483
3742630805
1731757571
1658027287
2656084860
1194706534
2663635275
2374877543
1808732250
2598807431
2297986641
2193303294
1848490637
1927498505
2420283587
1916677627
1938007612
2628613735
3656180474
1814732623
2822463520
1752165522
2250415440
2008901974
2921074257
2626690062
1277985083
2168372852
1925809881
2798531957
2685562371
3636911140
2638846681
2125738361
1886160943
3739122772
1920161653
3213974052
2758538320
1994019740
2735518783
2013178397
1819987822
1588753527
2206306074
3032016911
3240169120
1916712553
2606211924
2663937587
2323990327
2096801842
3629883527
2007132360
1739385665
1886609784
1821444033
2619474552
2359596991
1848194387
2868263910
2054068740
2005223193
2043713067
3429009584
1785881920
1975524417
1943251792
2249315175
2032634150
2207376987
1404738453
2785042192
3739410604
2605631372
2492265934
2885270413
3356471612
1762688434
1827979052
2244982985
2840234754
2217633181
2574024734
2254043760
2823175834
2685012611
1787342511
2271470091
2673168160
2612374611
1866007050
2527677462
2151700222
2735294531
2745475227
3500620401
1777377891
3245063853
1190841813
2279794372
3216985397
2431015271
1666740893
1612711770
2027500120
2741656085
2868594252
2379199403
2650755242
2013093765
2754935047
1727978165
2701728410
1768291234
1957102542
2949061380
3228566510
1525291820
1808765102
2539854061
3198069792
2758521702
1762545621
2753994517
2409301712
2140456585
2103237221
1819669910
3516929150
2851087800
3567422353
2365622392
1926711624
2262455781
2696162581
2407642177
3180491200
3154702642
1916624130
2816810973
3483900254
1956997830
2602593371
1169792914
2652899413
2250587732
2975943095
3210214184
3428341750
3721945187
3401230654
2431437733
2008579467
2631260393
1972209761
2744817837
3237782594
3264525707
1769843680
2108640257
1705595712
2233808032
2554884914
2944224372
2018101271
2703805223
1972732365
2362459595
2135978992
1798501614
2446346017
2016472075
2329838617
2513522580
1832845291
3266261315
2470331892
1554001490
2638390814
3546822905
2041367730
1806587027
2076658153
2426784571
3157027692
1621287162
2013943160
2005182165
3056164325
2232664303
3165280783
1949068330
2721711263
1941884562
1086000264
1670338410
3547919325
2308303275
2695709511
2531019860
2535718904
2667438977
2035988560
2852028922
2771803327
3690991323
1269515240
3217610723
3154775895
2648946647
1928151087
2726793863
2965197273
3334642390
2715035542
2165359980
2661362481
1267151302
1860251272
1767266693
3011626022
2719406513
2060840235
3103972061
2608660897
2456728931
2078441815
3149749112
1579736392
1893215773
1913624334
3038362521
3559787643
2077905677
3205306104
1790487125
2754943593
2854024031
2076053277
2412892917
1717851004
2250589380
2587117512
3204839810
1944862410
2099210511
2356672655
1760722052
1670934053
2392052281
2410726637
1841365771
2793345814
3233500384
2815763671
2100363620
2955296232
3104469825
1798732151
2129194960
2464839071
3217950167
2234301847
1968427035
3327495114
2899020310
2369452027
2178433074
2348582953
2270682341
3620643917
2140858317
1868389157
2881540413
1929488505
2196158807
3214057257
3153404310
1737049474
2831130082
3524879425
1790404501
2909365022
1570918177
2007424041
3137825992
1934280057
2434135454
2760336040
2296453745
1764299302
2764403397
2866346520
3316380732
1666441073
2790302582
3129012060
2044343243
1905941877
3176178827
3225045004
3231876954
2829986472
1914028311
1768242990
2093203170
1748993953
2503470313
2847516942
2033132734
2436461591
3166719921
2321464182
2460778550
2929516755
2685939863
1777573820
2705232067
2801294995
2907767895
2101106015
2808374615
2495425220
3402253032
1723690770
2659871912
2708026990
2452615162
1952908264
1888467991
2629476753
2569047271
2762321850
2815947952
2704758822
2640259435
2137933071
2923367920
2003167341
2729787170
2427951432
1928869161
3237431260
1865257192
3202706223
2380426962
2793904635
2893410691
2428242905
2565904623
3148296512
2270373022
2411576810
2703268625
1758678855
1772412422
1116409495
1774800033
1507213511
3577733431
2394465210
1686258437
2824844630
1348380974
2424345875
2096644730
2368650961
1763650021
1778881797
2457857877
3618844214
2652492360
1764521403
1899284612
2604628330
1840827145
2658086861
2724382261
2512814070
1401038614
2118199093
3578706163
1803877822
1751797850
1874044900
3143875432
2076893390
2782024965
2358395830
2709606872
2822667980
3559841561
2215995190
2628254895
2644291634
2973639783
2598561310
2428136364
2035971835
3374152512
2500276083
2561412847
3201736984
1933755681
3428849702
3777627692
2557126723
1802151267
2499628723
1756551901
2530248445
2274568110
1899899831
2748167765
1812415107
3546899434
2759524873
2725017025
3032079382
2434810181
1743868850
2315965630
1766984794
2749546950
3242371357
3739196691
2036200130
3297303792
3299136104
2176417037
1721179890
2837896700
2579554022
1665273547
1660125537
2473237084
2755917074
2687408711
3170458403
2758320730
2165861914
2250411474
2620418013
2707278455
2014576023
2208449322
2614505667
2921223592
3016294382
2250696764
3213137375
2678675323
1819418221
2096936790
2906284127
1823279024
1982303090
3300885492
3282794722
2638543425
2723865720
2673757715
2936323504
1650854785
1770580697
2537656402
2883839024
2476404931
1733856445
3516663485
3486067790
3156044914
2255056484
2069087827
2868276974
2910227933
2404807585
2374346015
2676469881
1771156425
2171756870
2816890172
2608621944
2805010852
1969869581
2595504304
1764381502
1701379045
1975521803
1347661911
2854974790
2191405935
2179595591
1893449607
2044026754
2733698597
2637805017
2771529010
1944686144
1937938114
2985331244
2321372550
1760489851
2674885583
2741589733
1913310225
2246441437
1649240191
1970535102
1672756904
1989603117
3019715145
2099030713
2410388991
2690260291
2863261864
2002285485
1805036442
1450840464
1230035707
2126178400
2165519632
2025606595
3235381794
2854630202
3466541692
2137824465
1911265671
2233795720
2678416223
1934606363
3665268012
2216583694
2206256324
1835724630
2086246657
3139942415
1591653182
2120213535
2776224341
2678650021
2565443603
1644239283
2810352462
3282849563
2026641893
2369474353
3270941054
1837945450
1675713530
1906506221
2671391412
2443340223
1990156983
2738139055
2293993841
2285780784
3622273694
3223939180
2722419212
1926590597
3221929171
1935161681
3118846677
3375017930
1427552332
1867572627
1871602264
2620512527
1029304054
1760613210
2328071773
1899580391
2171692883
1859450484
2343253175
2710105321
2186949542
2152546895
2108661792
1958715887
2693849660
2595149970
1735906444
2100578272
1972754233
3291746053
3197700735
2783291480
2606959533
2442037497
1730099493
2252187875
1417166593
2102203900
2729738145
3065243713
1699923674
1760472064
1002214962
2881872510
1917424233
2753856331
2605488065
3614664800
1974612717
2372018207
3204079382
2358998162
2351510443
2803870612
3126928684
2282998953
2433894887
2013913552
2203032475
2347385697
2161492843
2646350523
2042139217
2674849462
1656259384
2477415801
2609653942
1849410522
2423057264
2285770142
1776371057
3561396284
2681853357
1912266250
1944579942
1790660793
2803395954
1676015620
2706418131
2921243980
1220720571
1880663215
2695262013
2291908513
1829854913
2267715253
3231512742
3771076672
1944513460
1851061094
2580446810
1964808431
2477314157
3133165871
2004172077
2106382262
2105983454
1682481004
3498449460
1745309823
2339679657
2611853393
2900521474
2041128465
2776254900
2397046810
1839172775
2671728973
3097741025
2809367674
2177282844
3185320587
1770995791
1755388643
2550180682
2521870590
2173277234
2198619144
2137150353
2260656024
1864923034
2497917084
2733277265
1914152385
2037943531
2699519714
3293962503
2087665833
2011644057
1059773034
2648109593
2216352364
3203021122
1660646684
2359936733
1980791247
2384009324
2923789280
2814912057
2242196557
2452607204
2005702374
1927785211
1734312904
3058638564
2254465610
2752243933
2674657171
2662637475
2714688001
1930839214
3619561600
1361948835
2935696132
2934978955
2678669831
2205124805
3224803425
1790658517
2752106687
2242530814
2297686542
3651451395
2684810831
3418076264
1641501022
2142759303
2517903963
2784400290
1643446701
1945042085
2649150541
1779157063
1661808464
1663964672
1963099827
2280790283
3142453017
1805572231
2004974060
3163758685
1862649030
2478818891
2211611694
1463940077
1974447482
2329692437
2694887437
1787492283
2075677667
2080444710
2810590775
2781143050
2718139533
2273914317
3642280284
2286602700
2093696507
2765610885
2086284321
1900806991
1873368384
1674040737
1980748965
2490863742
2680450495
2730066771
1934724415
2665984523
2125701971
2138743185
2490051283
3215368853
2434162967
1806663597
3057438211
2594303957
2155799711
1940779990
2260531153
2145180533
3173012157
2159423853
2641422864
3124717633
2784380942
1847961712
3487362364
3021053071
2830711900
1820114944
1879595942
1726356057
2782580212
1898596717
2202174627
2720456903
1913210367
3209268091
2003936231
3126096395
2650375275
2590609064
2172951330
3768408725
2778047730
2088275973
3126644142
2617848255
1968565013
2954457220
2175361402
1903649091
2796807693
1744637160
2043756343
2142701553
1934299325
1736697000
3223986304
2476122123
2013552241
2409597540
2184106652
3399436780
3161537590
2638830050
1807645313
3224898324
3508689184
2287922424
2037989757
1718139182
3050632793
1281481012
2748540500
3178727610
2113992611
2133106860
2120420720
2479485141
2722019533
2915835810
1741011307
2770938661
2710522981
1713700092
2475850311
1894113793
2146582475
1924039383
1864522164
2531738037
2860730517
3243926610
1736958702
2731176357
2851794377
3104838743
2035075943
2948944512
2169932947
1836018105
2984388562
2556064971
3488440561
1769714125
1232886565
1958169281
3498434130
2976038623
3034423231
2670397993
1993901865
1718559574
2832313182
2709744000
1826514180
2153824070
2402270340
2727206433
2082118761
2130674585
1960387593
2250693854
1776518127
3601556767
2840492774
2281495432
3217061522
3604052107
1691927510
3422071882
2664156122
2977655163
3517672902
2252413874
2905234501
2780157837
2712915237
2642566773
1877633367
1820650307
2683635183
3460806174
3202761497
2210587362
2765423727
3280147830
2606075810
2797997074
3009211790
1503319674
1878376152
2207682211
3771598762
2096676361
1718966023
2677411717
1683592401
3016097473
1756766795
1351907744
2098915313
3588460193
2207857934
2434410134
2927682187
2628562573
3380728142
1876274195
3172768252
2921223620
2617787721
1862964364
2337247942
3182230600
2161467523
1962209397
2421991927
2150493363
2132200065
2092363714
2250462344
2902066925
1948476215
2012028322
2076891685
1827245184
2381329950
2678465933
2459002271
1834719633
2330367934
3076230455
2618094801
1862530410
2332682407
2431275292
2746502044
1251853694
2332965885
2004305727
2717337824
2041493121
2563537863
2343988244
2083355021
2907417283
2612872502
3585328340
2650949643
2144355593
1798326282
3015851407
2119382100
2718158542
3149442063
2729107542
2363881274
2597442697
2046486317
2427460300
3485359731
2802324824
2316441715
1246330303
2883720674
2150072642
1570726560
2590124932
1749735312
2699890242
1661602212
2866826642
1736595332
2530684130
1841112382
2026704850
3675606965
3268231133
3327251322
2804151914
2140770837
1944439460
1336589452
2520714053
2183718875
3192356854
2695466974
2160909543
1793655944
2396987440
2901633510
3095375355
3088706122
2871868031
1768854420
2353797217
2082679323
2602834830
3237044373
3219324124
2532269440
2053093045
2770862975
2061730397
2115284844
3216628802
2611322180
2258966954
1262427673
2532583782
3249131094
1683653021
1629388253
2482411747
1733338835
2638413053
2805456892
2248056034
2948378351
2647966197
2720194601
2531818210
2912819947
2827687535
2312293801
2829580490
3168166247
1409417003
2746985494
2610629037
3171535402
1741716827
1971985671
3211672771
3279489762
1009960691
2166851311
2478212907
2639863832
2971901273
1915226781
1866435190
2396347825
2525697632
3301370673
2460567544
2617664295
2025250173
2929535444
3063929301
2507693144
2388618263
3040928330
2559545892
2281807407
1964630075
2704466551
3191820357
2417713585
1599143795
1859775832
3624660133
1899446807
2941647242
2710683063
2744856807
2053038705
1878601757
2850903024
2038244373
2479547251
3211249892
3613512700
1870359154
2184909142
3220781215
2208060844
2865495620
2491681583
2687597191
2091738194
2738382532
2400652012
2798455020
1802432241
1497415895
1716187155
2175208005
2723855093
2767690740
3404235234
1708575922
2524509604
2119943620
2778575410
2619147874
2198606172
2627594794
1357979083
2607952380
2770542630
1094122043
2811977902
2625117203
2649157691
3255235403
2242283712
2164052734
1923561577
1923465840
2671577031
2269205927
1891018024
1888813237
2117023284
2716061601
2160939151
2339478891
1852283303
1877579971
1969341554
2010331787
2676825507
1821359637
3217880244
1988120001
2141351411
1791895952
1761104541
1833003341
1741984420
2318839731
1596311223
3326191520
3036876655
2759170511
1798562620
1960155261
2435079372
3060590437
2972052740
2081024495
2754979430
1888587891
2011754303
2686388303
1979875051
2055030667
3308367592
1648629790
2702395444
1891367325
1786338602
2516190033
2908662507
3208139312
1792477923
2670401132
2109826423
2173255122
2025454421
2369365440
1767882064
2346121185
1921137403
2109218804
2664137147
1906707015
2964317234
1944936984
3024539887
2456849761
2710080043
2622696225
2727395833
1988948421
2724451561
3327033002
3212941780
1990539037
1863045021
1782902181
1875084107
2021083231
2141542397
2831751974
3517759077
3140757723
2696580350
2213114477
2792920993
1841240547
2618500663
1741329274
3093314053
1932774335
2660732773
3710933062
2714661283
3274139600
2216866074
2438039081
2817213292
2328758152
3748206451
2337391531
3270336101
2018119115
2051654082
1647203525
2531071125
2730779507
1805632971
2874609372
1975816395
1794168963
3202128141
2341134012
2104527070
2176492384
1834062974
3074831491
1965217277
2433072961
2660203273
2769577823
2854872735
2250401062
2216016010
2030383621
1836179943
1681873844
3334150720
3032115301
3325642204
2219368975
1599276882
2623989103
1747304630
2506910862
2171202825
1881966924
1346687830
1802934497
2619351701
3177879965
2159913184
1939711074
2283645241
2158179973
1918145482
1777340610
3200382180
2594898244
2406699347
2137062313
1939559245
3225395712
1780948331
1729683025
2439135987
1795912273
2815783395
1675708372
2749588381
1891345884
2855923891
2418266705
2570280680
2513898160
1961393845
1935511243
2898047865
2313815103
1870171150
3668674552
1927949077
1907036604
2665711565
2900494632
2451443010
2359889605
2760110670
2660069440
2267063913
2943853254
1891666683
2773802850
2996185911
2933577530
1688851254
2779905430
3340331332
3162050041
1808017000
2197181450
2536799690
2498383022
1793032612
1315056223
2651357951
2120754472
1880171295
1892633807
2154226265
3225009074
2137820877
3179256010
2426835120
2531724284
2639719487
1391477950
2112459692
1785942413
1790474345
2727105003
2697198531
2889251994
2549597824
2636348763
1306471043
3211492802
2297575610
2768463125
2274484073
2950898664
2355200923
1550820052
2606575644
1975122192
1797674205
2061782937
3786292353
1900859757
2906657891
2127094673
2099529481
1785958235
2239432731
2188628677
2653746793
2004079697
1885396890
2813629091
2604320610
2804339104
1787057351
1476460243
2774580112
2965065247
3200725041
2260914242
3541432127
2825953960
1774039984
1972611955
3622195473
2324962515
1578733811
2630552153
2839184072
3113137873
3053083611
1630971790
3211656927
2654710521
3196922514
3072066893
1805653447
2438141812
3089543821
3690518992
2257479674
2785542534
2921244044
2039943551
2665535043
2111742031
1481150583
1596606832
2218788440
2746524730
2948581482
2421694363
2638802175
2805451942
2804922671
2109036991
1987688943
1725664021
2486144625
2779271775
2549499592
2050941141
2677592925
2941612204
1792788343
3274940872
3043173124
1716975485
2884621242
3091189407
2301226504
1830256723
3244037110
2463681312
3039897400
2687390791
3053623975
2742688983
1579489291
1874285063
2277094484
2688903403
2983623292
2764273072
3567380105
2397402242
2362942812
2113389353
2561984702
2142720613
2748069414
2129401700
2398146180
3204137034
1603933373
2503684753
2722545221
2375519873
1829552990
1795572035
1487942350
2734912094
1154012044
3206640834
1882534514
2865470270
2564649607
1805697680
2158685215
3771055124
1930884214
3618128924
1914258175
2709297693
2296101770
2837358495
3786145390
2803575005
2875016320
1902969503
2279980694
1712856760
2841911072
1642239177
2844306791
1880621863
2053070934
2823839093
2390207611
2887430567
2248039980
2725239147
2481027167
1363186574
3092088033
1779579872
2098175820
3278696664
2860809494
1752169881
2072029623
2151065593
2247783833
2801501044
1747537594
2858693792
2113022140
2771391280
3248173604
3319847020
3104940691
2988345365
2092774860
3270128493
3093095073
2890208975
3458831980
1940760307
1758942210
1996652891
1996548661
1904770577
3077254265
2879363532
3497582860
1743268540
1840167112
3206264240
2769331265
1350779792
2997455223
2933602504
3753138491
1663281413
2718537533
2110486217
2088468793
2083802505
1775962611
2116544052
1834090254
2611553927
1801440531
1760911974
1867474785
1959479802
3232325090
2746713223
2695618154
1969996724
3199285372
1970845473
2002448175
2217901205
3037402397
2392416424
2203131707
1165631310
3027415965
2945845224
2593681634
2716166745
2783685412
3128880064
1904201040
2658913191
2805743583
2261775020
2018772371
2605577273
2799698282
2024079764
2503059394
3257522551
2416253922
1872213625
3026184115
2654994865
2001603881
2689219033
2842645100
1991824425
2285564121
2150428364
2062691081
2367048423
1892258257
2218053385
3184952974
2846530787
2805605742
1896707633
2867258744
2825754661
1087729545
2162544247
3718888077
3180780834
2009310207
1787195961
2371833152
1672556083
1060705984
2722335943
2951247520
1934652171
2676779121
2405907491
2863014511
2459983444
3245417811
1077006164
2120867673
1704131137
1912078027
2964195740
2208732101
2209130617
1733277123
3231981922
2759590121
1951030883
2707247275
2373638937
1769418404
2822603870
1739694853
1864621321
2177152864
2097054713
1809540750
2283077473
1848057035
2300123775
2027905880
2686529871
2438255215
2527986957
3236978184
1661852290
2835664427
3509208672
1688507885
2758352825
2401319831
2554232984
1874844345
2409114274
2826140185
2275223197
1751255495
2798484421
3518848615
2163445033
2659680631
2293123773
2374922874
3250246514
3233094953
3568778224
1759481707
2339070817
2615256277
1892607234
1784404677
2463421877
3557667481
3815053027
2746071717
1951048510
2240100130
1775081194
2560932537
1876020515
2728410125
2660220207
2679929693
2596985687
2671716533
1873277013
1879544630
2202357037
1854396862
2118240964
3201712594
2029008497
1621445301
2880424435
2887489430
2971048890
2862179040
1943530215
1841006201
1255704537
1873958742
1659619722
1806903597
2635110104
2046739397
1719174221
2926864363
2418399034
3183412640
3394836354
2250598044
2306465491
1843914660
2143901551
2473703071
3270348353
1678534555
1750348237
2697446283
3165378262
3222493432
2653818312
1593917140
3227186553
1875175377
1905005581
2729122960
3153795380
2768990660
3088343893
2735820414
3269513701
2824548085
3064767613
1984798961
2313494140
2647379501
2497169870
2301223724
2060308811
2210279607
3043386014
3815380217
2015067187
1880577484
2667746461
2679684303
2756865224
2190317685
2319734032
2185837714
1735686260
2062009263
1709086464
2572750097
2737297655
1670414195
2561676550
2962140343
2714876394
2196891367
2771065470
2272083394
2486348731
2842073002
1773157504
2663446345
2384857521
2431495344
1563401045
2927134325
2620125901
3424297880
3130874901
1783382485
2609061341
2179308254
3622285237
2665173953
1644736331
2012699093
2667181371
2402783491
2530887450
2764940023
1935412871
2992994950
1740677164
3290779787
3638153484
3194686640
3750671107
2129451607
2052481797
2273903054
2745634410
2038796697
2729289875
2341632915
2480026134
2889496103
2615640411
2250436652
1818056952
3228500004
1760543332
3422376634
1852486584
2060950392
2513349022
2560682483
2540203533
1662518200
1656186894
2609936247
2922513831
2128483985
3510300987
2299243565
1585365287
2263329283
2641801463
2426924475
3546803913
1715091517
3218954755
2653933080
2608418855
2881835961
2099241791
2885656054
2976137943
2175800277
3559009485
3021904787
1943317820
2768328097
1948523352
1743475283
2612319963
1779163253
2060767012
2140801753
2780049002
1630374021
2598721042
3685668130
2737125532
2608397603
1784272145
2918260461
2114454714
3436276282
2465523544
1847600533
2519910795
3068487300
1845536467
2254674597
3240819310
3323667992
2670216585
2606284302
3030498217
2534921302
1962787713
2374292235
1934678781
2340712053
2084615863
2700391950
3072442277
3372486092
2330781661
2725135163
2434458200
1877675287
2153037034
2315527424
2576379982
1780171077
1429864631
2738497441
2607058995
1806192110
2611407297
1744222117
3033021167
2280367562
1898477581
2248851042
2271283080
3215693850
3181592901
3178448220
2967127923
2294073283
3222754710
1769240357
1743328120
1727648140
1891818384
2129510187
3034104015
2813137723
1777410041
2919784810
2080492903
2678460871
2415136241
1672428912
1844648861
2530534392
3016821681
1871894861
2507360730
1572856263
1835550043
1796512114
1846987812
2705245143
1802106354
2950120277
2905966087
2369924403
2887522592
1865073693
1998806793
1984012281
2212865915
2116591764
1843643331
3169668332
2049870235
2240155420
3188910093
2808702995
2707914452
1679307182
2096877060
3246256403
2685320785
1826192660
1962706743
3260256981
3214321034
1443365274
3101703125
2129015911
2483060762
2695237091
2110756864
1419820341
1750348875
3217016047
1805412782
2954175820
1764090731
2024075817
2613128541
2083276681
2409487994
2868700580
2612868820
2751382733
3791003454
2641059881
2676210201
3193938380
2825811262
1803808815
1867436991
1975501787
1728698130
2804660934
2279112934
1118554555
2542032312
2928914240
1991230575
2121286541
2899287217
2765830237
3023598002
2167257210
2215500543
3392642962
2982137975
1926579263
2757420801
3222421742
2383038234
3235581893
3030720635
1843856981
1874296282
3635431144
2807078703
3084838725
2120244827
3260091875
2005987041
1723238557
2600636904
1800991937
1570396745
1766431883
2684015865
1808779792
2277868394
3301485434
49435832
1292439702
2126185062
3083453005
2128921671
3486054603
1866927801
2718239251
2147352077
2955764294
3213938575
2372993600
1994384115
1814769414
3016966300
2011196855
2362246815
3170328235
2690188331
3266750571
2082945461
1960472755
2074725870
2315974743
2769696325
2115346970
2405166973
2763882350
3216879094
2273221883
1828017411
3097723830
2827393455
3276604607
2062437034
2616705891
1831589815
3132381951
1918197975
1775466723
1702181397
2197988032
1679787237
1775759065
2309860895
1582823260
2213040783
1834688941
3354767240
1289926231
2635056722
2191622132
2413807782
2515952455
2029981277
1584616651
2835464372
2485614487
1730320293
3172576065
1732043030
2402455041
1888464181
1756708985
2334155634
2636457462
2800588052
1659869160
3357295480
3503013655
2118536400
1903578815
3483936934
1973547807
1880644531
2411895862
2861094652
3633322125
3209909840
3205159930
1860676844
2801921602
1745878487
1735032311
1655257831
1928135631
1851849795
2048123353
2960368277
3004673373
3606488467
1823302535
3562414484
2867423270
2510882714
2129465894
2202875040
1974332833
1857090264
1757565827
3030662340
1770587244
2145270931
1928455122
2312330153
2607845827
2920516757
1905980984
2718205091
1634572130
3207868443
1772496032
2833467353
2242858950
3338452092
1220763097
1892430164
1310246703
2346193655
1913285567
1922361745
1961114815
2533915595
2781753752
1939552095
2396154723
1795604305
2843651904
2626875110
3204519553
3009113327
3224006965
1748773041
1738664741
3085598313
3503939014
2359325681
2993326614
1960174201
2285536042
3782800032
2734391473
2414268680
2454305717
2279809652
3701559511
2621195175
2843466240
2047477160
1782044403
2301144830
2881158954
3222689372
2935717662
2139788051
3202434913
3023223410
1630112412
1652662953
1949479137
2216546382
2143673087
3076955404
2295069272
3171756381
2062233681
2464727401
2041764631
2294188794
2649011605
2748312253
2720731331
1985481583
3004775515
2262486014
1741234904
2767263377
1778919117
2318493113
2013260593
2015503887
2438533134
1998104351
3341578190
2858335814
1885567492
2269922125
2006817021
2496424455
2874293772
3109861571
2374956420
1684061185
2386617387
2149657551
2034006354
3630369930
2687517903
2963967251
1971290632
3613448774
3265813171
2803746022
1689120911
2663703524
3219624040
3091489131
1747472363
2481646451
2392809311
2173941604
2021761017
3232461964
2243301374
1744891700
1769272522
1841596320
3049560114
3517820682
2752692943
2881125894
1836473442
2957534071
2721027701
2365238534
3182697687
3221671535
2519420460
1649200551
2254428292
1894591233
1846990717
2207575732
2775779221
1894798092
2009925293
1881180393
3234007597
1993200962
2689297113
2106263277
1785560271
2616143093
1680725972
1765188245
1703143621
2401507934
2255921921
2783572571
2150352860
1861340834
2678907095
3150512835
3365572712
3054130117
1904292907
2807059193
3222764450
2751662110
1780683677
1961323612
2804652051
2248303384
2740695663
1686547023
2464653204
2681069971
1891426402
1765381494
1743120074
3480590063
3379512242
2500640721
3167095935
2534455152
2477157367
2236479257
1818804643
2616525391
1988948900
2345109543
2892519511
1931234004
2660715113
2047183511
2948801070
3163780574
2417467270
2707412971
3205969877
2927527712
3318730334
1728236367
1769477224
2788704070
2051950645
2742149634
2032233267
1909220822
1830423583
1949753400
2058874144
2609397983
1654297261
2996488045
1878227535
2561643437
2005520123
2480660615
2831803282
1936549922
2304217190
2138469971
3542659404
2926935721
1836670934
1685096873
3357003052
3050467921
2527353854
2125972451
1785948095
2252421470
2628630051
1644063207
3096427721
2817494075
2142702813
1792312523
2980151612
2047804982
2474122891
2414313007
1775028185
3247100847
1740561423
2346032381
2534677182
2616140463
1831965680
2518983064
2898314991
2213581500
2170935031
2650130791
3063955075
1866768663
1116864983
2083813973
2023760740
2749384604
2270857147
1916652775
2334030615
2079781384
2183611303
1894012543
2199158571
2310760644
1853124353
2051948561
2241558454
2756785205
1925277933
3016619204
2179368075
2003375701
2647173921
2862208840
1838861281
2938268075
3215626567
2060510675
1912367741
2282317513
3074657723
2428155413
2866568352
2269920271
2233495305
2246507825
2047208187
2553426347
3198194285
2665415017
3246029970
1692855195
2526098531
2695119292
1784614862
2991720131
1641524382
3499511487
1915526614
2634415054
3504587835
3223787234
2929818090
2576557485
2689315445
2626755097
2404514685
2040694147
2356274221
1876350605
1821287691
1739978915
1950075500
2286792752
2006983820
2619110123
2004328973
1086528011
2577508050
1013962511
1728032490
2039254184
2648983373
2804735384
2695331613
2297035252
1690464520
2947915922
1900438601
2438035085
3253778865
2198537670
3634094182
1673667861
2686757761
2250404894
3765555844
2908379297
2034326302
2579143660
2390352410
2769164793
2506539637
1980416723
1685061837
2292943053
1957906495
2671268134
1760941142
2164322542
1947870600
2118178654
3097918535
1883920005
2357084235
2032275557
1927505433
2926157757
2536592054
1936168563
3240653970
1858118662
2282455782
2159096082
1646029765
1779746071
3103348033
3189728521
2807125533
2345087561
1913388421
2217370444
2799839774
3318806622
2431056331
1749070901
1732682344
2679001411
2627725405
2250453370
1712860031
1239283460
1797673245
1986301924
3558503231
2296583800
1881090653
2154786364
2762360311
3722754125
2744603655
1981955020
2805868550
3107676841
1824140545
3032146493
2598864421
2672063711
2816266304
1823522583
2025922111
1741663855
2036698247
2481494010
1958831182
2943682193
1729880040
2620368961
1864686081
1266302900
2361776867
1991633201
2436413975
2313303664
2668575357
3753864803
2798354817
2181247665
2152116114
3400307662
2861579960
2317643195
2783658662
2815184660
2299241230
2828184043
2121918423
2370225840
2322557393
2137897463
2995896950
2471951657
2696517511
2820990207
3581984604
2810688032
2946883401
1437352793
1736070587
1810728360
1747144921
1740557861
2920365637
2202988480
2518085453
1827186280
1927715317
1979377564
2288050260
2392323534
2066759304
1900449251
2537989652
2356502592
1999554415
1749578500
1398367900
2825213121
2098624787
2679377047
3266963543
3335238690
2516479534
1751987160
1896083020
2798562557
2136379791
2677272092
2872572560
1847085543
2295963631
2534717644
1871373700
1967660554
1912150125
2613912367
2097111715
3758768915
2890087532
2464466010
3544630160
2120955941
1852616783
2201442125
1753029210
2036811304
2814604434
2952967663
1764625263
2514355015
3790267341
1764201374
2003208261
1752785031
2815212840
2306450015
2723838314
2001754331
2641282424
2621736505
1858161680
2486704290
3488305660
2115564194
1458883920
2673419273
2521250107
2723113371
2180618772
2133456562
2609341791
1712325281
3423477480
1668937791
2518303937
1760604722
2032599195
1935844695
2337173104
2740790572
1976217945
2410360183
3051435253
2626971795
3185142567
2297032460
3219252495
2816037650
2664671725
1913044493
3216658993
2554640797
2366294360
1913818284
2689435300
2100605082
2934714624
2137094507
2721847022
2918259724
2247712755
1920868290
2533969362
1587362207
1820358067
2810322842
3492739635
1921239062
3206289520
2149987540
1824080722
1999450800
3751592820
2332896403
2721396143
1869208430
2388343711
1650705565
2614425540
3199312312
1741658180
2280232192
2075724255
3070812342
2728798221
1762913181
2779321997
3206393682
1406553683
1899661710
2334869683
2610384362
3197930874
2083885113
3781250214
3356661760
3402650312
1777268694
2786281485
2718954611
2102592782
2244303873
2651539500
2241929222
3177613873
2219157284
2908412495
2212718352
2523799500
2254435914
1770646362
1844173235
1705179605
2582460450
2678589493
1891047017
2496572240
3080917000
3082730650
3299273177
1895544551
1883952561
2400531761
2862068582
1906196211
2168199561
2043659954
2125203853
2120026674
2304259347
2420403432
2056345525
2883161542
2337340763
2232811297
2764627974
2312878260
1771036443
3214742170
1729909315
2060872045
2481053713
1856421785
2641771611
2464919611
3340686400
1651908134
2764962697
2705095691
3541819353
2815449104
2474609750
2629783484
2525951050
1899019607
2904713897
2940361683
3215638724
2747523303
2590512014
1852578753
2695449234
1639083694
2127005465
2919122331
2121075285
1781972254
2313399315
3034274167
3284261183
2819141372
2465290901
2100691367
1057791872
2344826881
2945662821
2451374251
2658995635
3221823185
2106558454
3211310374
1742768582
3319359992
2738776785
2488969591
3205564165
2472690535
2079643651
2611562047
2497356622
2612067574
1791283533
2865056910
3434109500
2792654732
1920738721
2239871832
1773476990
1863410205
3466469160
2178498280
3041473655
2183363110
2674730873
3069980117
2200977160
2880345803
3765946064
1918092713
2997042697
3098162671
1886610802
2166563493
2212463821
1784411001
3537553127
1118653173
2486078951
3282546160
2272531160
2721805241
2740761320
2763012301
1560757190
2753191555
2203686450
2886372930
1943365633
2779457000
3173607855
2385674285
2618629743
1496864021
1774443084
2612054494
1569800152
2274431570
2313558700
2712854781
1967539862
2691775231
2505621540
1918469417
1793801357
1249209591
3358661630
2618210561
2203903802
2931146512
2598435225
3487999654
2662485671
3153383567
1904971631
3676691812
2608440397
3227916733
2634187421
2287725471
1918594103
2098689281
1918738980
2372949861
1921082687
1770046271
1916618681
2477873277
2152171324
2153594610
1961751552
2652530471
2860117755
1264485787
1915964974
2177849015
2627794945
1800461764
1821891405
3202580334
2123019017
2699332514
1783561040
3088354337
2457218167
1932244560
1960711390
2728199827
1402116333
2724757747
1774369751
3202557804
2792441927
1922656504
1883368080
2120406133
2801899800
2551914367
2002278624
2318590934
2807103577
1497424611
2090502362
2895125520
2258586454
1934418563
2587924050
3208484004
2782714702
2507113283
2737402667
1785901242
2826353124
1979221754
1804158811
3149639187
3248362563
3214061687
1650479093
3208510764
2393238730
2345361101
2132266303
2232852912
3167617254
2194815021
1907018073
1973952052
2749800345
2530326122
2169906131
3124834943
