1
8
8
8
9
9
9
9
9
9
6
7
8
8
4
9
9
6
3
1
8
7
4
6
6
2
3
8
2
2
9
6
6
6
7
9
7
7
7
7
5
8
7
6
7
7
3
1
2
1
6
6
0
7
6
0
6
6
3
6
6
7
9
7
8
0
2
8
2
6
2
6
8
4
4
1
4
8
9
8
2
4
3
0
8
8
6
8
8
5
8
8
1
7
2
2
5
9
5
9
8
5
7
8
8
8
1
7
7
4
7
4
8
2
8
6
7
7
4
8
1
1
6
5
5
9
4
6
4
8
9
5
5
2
3
5
9
7
2
4
8
7
4
4
7
2
7
6
4
9
9
9
9
8
8
9
8
8
8
8
7
3
8
8
2
7
7
7
3
7
6
9
3
2
8
8
8
4
9
1
0
2
7
1
9
9
5
5
3
1
1
9
9
9
7
1
9
2
3
9
9
1
6
4
5
7
4
1
5
9
2
2
6
6
6
6
2
2
9
9
8
5
8
8
1
4
6
9
0
0
5
5
6
8
8
8
8
8
8
8
8
8
2
7
0
7
0
1
6
8
2
8
2
1
4
4
4
8
8
7
8
7
7
0
0
9
9
6
5
5
0
0
8
5
0
1
1
9
0
7
7
8
1
7
8
8
0
5
3
5
8
3
7
7
9
8
8
3
8
8
8
8
5
8
1
8
7
7
5
9
9
9
3
6
9
6
6
8
8
8
9
8
5
5
5
5
5
5
7
7
0
0
0
0
0
0
5
5
7
7
8
8
6
8
8
3
8
5
7
7
8
3
8
8
7
3
3
5
6
3
9
9
5
4
4
5
4
4
4
7
7
3
3
3
9
5
5
5
5
7
3
3
3
4
4
-1
-1
-1
7
3
7
